1000 12 6
0.409 1.000 0.538 1.000 0.409 0.561 0.412 0.436 0.368 0.499 0.428 0.224 0 0 0 0 0 0
0.246 0.000 1.000 1.000 0.262 0.413 0.796 0.763 0.610 0.479 0.338 0.466 1 1 1 1 0 0
0.409 0.000 0.538 1.000 0.262 0.445 0.623 0.393 0.266 0.354 0.215 0.620 1 1 1 0 0 0
0.000 1.000 0.814 1.000 0.262 0.492 0.377 0.527 0.585 0.584 0.215 0.224 1 1 0 0 0 0
0.409 1.000 1.000 1.000 0.262 0.623 0.251 0.457 0.456 0.689 0.428 0.466 1 1 1 0 0 0
1.000 1.000 0.273 0.535 0.262 0.413 0.454 0.278 0.794 0.735 0.215 0.132 0 0 0 0 0 0
0.577 0.000 0.814 0.000 0.262 0.445 0.333 0.457 0.456 0.636 0.428 0.540 1 0 0 0 0 0
0.409 0.000 0.158 1.000 0.262 0.317 0.796 0.393 0.456 0.735 0.504 0.388 0 0 0 0 0 0
0.409 1.000 0.538 0.535 0.262 0.608 0.893 0.372 0.610 0.664 0.215 0.132 0 0 0 0 0 0
0.783 0.000 0.814 1.000 0.262 0.478 0.501 0.300 0.585 0.518 0.215 0.308 1 0 0 0 0 0
0.246 1.000 0.654 1.000 0.262 0.358 0.623 0.349 0.390 0.761 0.504 0.540 1 1 0 0 0 0
0.577 0.000 0.413 0.186 0.262 0.317 0.501 0.553 0.222 0.424 0.565 0.826 1 1 1 1 0 0
0.783 1.000 0.654 1.000 0.262 0.853 0.526 0.602 0.266 0.387 0.705 0.540 1 1 1 0 0 0
0.783 1.000 0.538 0.535 0.262 0.397 0.623 0.527 0.636 1.000 0.338 0.308 0 0 0 0 0 0
0.783 1.000 0.538 1.000 0.262 0.377 0.722 0.602 0.412 0.735 0.705 0.711 0 0 0 0 0 0
0.783 0.000 0.654 1.000 0.262 0.210 0.270 0.278 0.345 0.664 0.338 0.388 1 0 0 0 0 0
0.409 1.000 0.413 1.000 0.262 0.284 0.377 0.258 0.542 0.609 0.428 0.000 1 1 1 0 0 0
0.577 0.000 0.158 1.000 0.262 0.592 0.312 0.479 0.435 0.300 0.215 0.308 1 1 1 1 1 1
0.783 0.000 0.654 0.309 0.262 0.718 0.476 0.501 0.222 0.281 0.338 0.466 1 1 1 0 0 0
0.409 0.000 0.538 1.000 0.262 0.462 0.231 0.142 0.222 0.609 0.215 0.000 1 0 0 0 0 0
0.577 0.000 0.538 1.000 0.262 0.397 0.623 0.647 0.733 0.336 0.504 0.466 1 1 0 0 0 0
1.000 0.000 0.000 1.000 0.262 0.337 0.573 0.349 0.412 0.761 0.428 0.224 1 0 0 0 0 0
0.577 0.000 0.654 1.000 0.262 0.576 0.355 0.393 0.661 0.370 0.338 0.540 0 0 0 0 0 0
0.577 0.000 0.158 1.000 0.262 0.752 0.000 0.324 0.542 0.354 0.215 0.132 1 1 0 0 0 0
0.783 0.000 0.654 1.000 0.262 0.492 0.597 0.731 0.610 0.711 0.428 0.388 1 0 0 0 0 0
0.577 0.000 0.413 1.000 0.262 0.397 0.433 0.324 0.636 0.499 0.428 0.620 1 0 0 0 0 0
0.783 1.000 0.273 0.535 0.262 0.506 0.251 0.000 0.390 0.584 0.504 0.132 1 0 0 0 0 0
0.409 0.000 0.654 1.000 0.262 0.592 0.312 0.527 0.498 0.185 0.809 0.620 1 1 1 1 1 1
0.409 1.000 0.814 1.000 0.262 0.520 0.270 0.414 0.542 0.689 0.504 0.388 1 0 0 0 0 0
0.577 0.000 1.000 1.000 0.262 0.317 0.766 0.673 0.636 0.761 0.428 0.388 0 0 0 0 0 0
0.577 0.000 0.158 1.000 0.262 0.561 0.377 0.324 0.286 0.406 0.215 0.540 1 1 0 0 0 0
0.409 1.000 0.158 0.186 0.262 0.337 0.377 0.553 0.412 0.499 0.215 0.308 0 0 0 0 0 0
0.409 0.000 0.654 1.000 0.262 0.397 0.312 0.527 0.563 0.499 0.504 0.308 1 1 1 0 0 0
0.000 0.000 0.654 1.000 0.262 0.576 0.454 0.578 0.686 0.479 0.338 0.132 0 0 0 0 0 0
0.409 0.000 0.654 0.000 0.405 0.666 0.597 0.673 0.081 0.387 0.565 1.000 1 1 0 0 0 0
1.000 0.000 0.000 1.000 0.262 0.478 0.377 0.104 0.456 0.387 0.565 0.132 0 0 0 0 0 0
0.409 0.000 0.654 1.000 0.262 0.478 0.412 0.501 0.498 0.281 0.428 0.466 0 0 0 0 0 0
0.783 0.000 0.000 0.000 0.262 0.561 0.549 0.702 0.519 0.406 0.565 0.388 1 1 1 0 0 0
0.577 0.000 0.654 1.000 0.262 0.284 0.696 0.578 0.498 0.609 0.428 0.308 1 0 0 0 0 0
1.000 1.000 0.538 1.000 0.262 0.478 0.355 0.349 0.390 0.560 0.215 0.466 1 0 0 0 0 0
0.409 0.000 0.814 1.000 0.262 0.520 0.433 0.527 0.200 0.609 0.338 0.540 0 0 0 0 0 0
0.409 1.000 0.654 1.000 0.262 0.637 0.501 0.702 0.762 0.441 0.428 0.466 0 0 0 0 0 0
0.409 0.000 0.814 1.000 0.262 0.492 0.355 0.324 0.498 0.406 0.428 0.388 1 1 0 0 0 0
0.409 0.000 0.538 1.000 0.262 0.377 0.412 0.479 0.478 0.354 0.428 0.466 1 1 1 0 0 0
0.246 0.000 0.654 1.000 0.405 0.358 0.722 0.602 0.686 0.636 0.428 0.540 0 0 0 0 0 0
0.246 1.000 0.654 1.000 0.262 0.445 0.573 0.731 0.636 0.735 0.215 0.000 0 0 0 0 0 0
0.577 1.000 0.413 0.535 0.262 0.561 0.597 0.349 0.542 0.711 0.338 0.308 1 0 0 0 0 0
0.577 0.000 0.814 1.000 0.262 0.210 0.623 0.578 0.636 0.664 0.000 0.224 1 0 0 0 0 0
0.577 0.000 0.158 1.000 0.262 0.534 0.377 0.479 0.478 0.406 0.504 0.308 1 1 1 1 1 0
0.246 1.000 0.814 1.000 0.294 0.637 0.412 0.210 0.368 0.537 0.565 0.826 0 0 0 0 0 0
0.409 0.000 0.814 1.000 0.262 0.666 0.476 0.501 0.325 0.499 0.338 0.308 1 1 1 0 0 0
0.577 0.000 0.538 0.535 0.262 0.682 0.647 0.436 0.368 0.223 0.809 1.000 1 1 0 0 0 0
0.783 1.000 0.654 1.000 0.262 0.492 0.501 0.300 0.542 0.387 0.565 0.132 0 0 0 0 0 0
0.577 0.000 0.814 1.000 0.262 0.301 0.476 0.702 0.542 0.537 0.428 0.466 1 0 0 0 0 0
0.783 0.000 0.158 1.000 0.262 0.520 0.670 0.436 0.345 0.336 0.705 0.826 1 1 0 0 0 0
0.783 1.000 0.538 1.000 0.262 0.520 0.394 0.349 0.435 0.441 0.215 0.000 0 0 0 0 0 0
0.409 1.000 0.413 1.000 0.262 0.520 0.501 0.258 0.498 0.537 0.215 0.132 0 0 0 0 0 0
0.246 1.000 0.654 1.000 0.262 0.428 0.597 0.210 0.542 0.609 0.338 0.388 0 0 0 0 0 0
0.577 0.000 0.273 1.000 0.262 0.547 0.597 0.527 0.435 0.441 0.809 0.826 1 1 1 1 1 0
0.577 0.000 0.654 1.000 0.262 0.445 0.312 0.324 0.266 0.479 0.215 0.132 0 0 0 0 0 0
0.246 1.000 1.000 1.000 0.262 0.718 0.549 0.578 0.456 0.460 0.215 0.540 0 0 0 0 0 0
0.577 0.000 0.814 1.000 0.201 0.185 0.742 0.731 0.519 0.689 0.215 0.224 1 0 0 0 0 0
0.246 0.000 0.654 1.000 0.262 0.428 0.290 0.234 0.306 0.560 0.215 0.224 0 0 0 0 0 0
0.577 0.000 0.654 1.000 0.262 0.666 0.454 0.414 0.412 0.499 0.215 0.224 0 0 0 0 0 0
0.577 0.000 1.000 1.000 0.262 0.284 0.573 0.702 0.435 0.636 0.215 0.388 1 1 1 1 1 1
0.409 0.000 0.413 1.000 0.262 0.623 0.573 0.393 0.661 0.584 0.565 0.466 0 0 0 0 0 0
0.577 0.000 0.158 1.000 0.262 0.358 0.394 0.349 0.686 0.560 0.338 0.224 0 0 0 0 0 0
0.246 0.000 0.814 1.000 0.262 0.462 0.454 0.702 0.368 0.479 0.630 0.466 1 1 0 0 0 0
0.409 0.000 0.538 0.186 0.262 0.377 0.501 0.578 0.478 0.460 0.428 0.540 1 1 0 0 0 0
0.577 1.000 0.158 1.000 0.262 0.506 0.394 0.258 0.542 0.499 0.215 0.308 0 0 0 0 0 0
0.246 0.000 0.413 1.000 0.262 0.462 0.454 0.553 0.222 0.460 0.565 0.711 1 1 0 0 0 0
0.577 1.000 0.273 0.535 0.262 0.445 0.670 0.479 0.661 0.518 0.000 0.308 1 0 0 0 0 0
0.577 0.000 0.273 1.000 0.262 0.284 0.647 0.527 0.563 0.636 0.504 0.620 1 0 0 0 0 0
0.577 0.000 0.538 1.000 0.262 0.413 0.412 0.479 0.542 0.664 0.338 0.466 0 0 0 0 0 0
1.000 1.000 0.158 1.000 0.262 0.337 0.231 0.067 0.286 0.537 0.565 0.000 0 0 0 0 0 0
0.246 0.000 0.654 1.000 0.262 0.492 0.526 0.278 0.390 0.441 0.565 0.466 1 0 0 0 0 0
0.577 1.000 0.226 0.535 0.262 0.462 0.394 0.278 0.563 0.584 0.000 0.000 0 0 0 0 0 0
0.409 0.000 0.654 1.000 0.262 0.534 0.251 0.436 0.325 0.441 0.428 0.000 1 1 0 0 0 0
0.409 0.000 0.413 1.000 0.262 0.397 0.377 0.192 0.266 0.185 0.000 0.224 1 0 0 0 0 0
0.409 0.000 0.538 1.000 0.262 0.462 0.377 0.210 0.661 0.406 0.428 0.466 0 0 0 0 0 0
1.000 1.000 1.000 0.535 0.262 0.520 0.549 0.602 0.478 0.711 0.428 0.466 1 0 0 0 0 0
0.783 1.000 0.654 1.000 0.262 0.397 0.312 0.527 0.368 0.479 0.630 0.620 1 1 0 0 0 0
0.783 0.000 0.814 0.535 0.262 0.210 0.722 0.372 0.585 0.711 0.428 0.224 0 0 0 0 0 0
0.783 1.000 0.226 1.000 0.294 0.666 0.355 0.349 0.709 0.263 0.504 0.466 1 0 0 0 0 0
0.577 0.000 0.158 1.000 0.262 0.462 0.526 0.479 0.456 0.479 0.215 0.540 1 1 0 0 0 0
0.246 1.000 0.273 1.000 0.262 0.445 0.501 0.278 0.519 0.560 0.565 0.826 1 0 0 0 0 0
0.409 0.000 0.413 1.000 0.262 0.623 0.476 0.349 0.519 0.479 0.428 0.620 1 0 0 0 0 0
0.783 0.000 0.158 1.000 0.262 0.377 0.526 0.457 0.456 0.537 0.338 0.620 1 0 0 0 0 0
0.409 1.000 0.413 1.000 0.262 0.561 0.207 0.300 0.390 0.424 0.215 0.000 1 1 0 0 0 0
0.409 1.000 0.814 1.000 0.262 0.649 0.412 0.578 0.412 0.460 0.565 0.466 0 0 0 0 0 0
0.409 1.000 0.814 1.000 0.262 0.718 0.549 0.647 0.542 0.387 0.215 0.540 1 1 1 0 0 0
0.409 0.000 0.538 0.535 0.262 0.576 0.433 0.647 0.542 0.609 0.630 0.711 1 0 0 0 0 0
0.246 0.000 0.273 1.000 0.262 0.284 0.454 0.457 0.542 0.499 0.338 0.308 1 0 0 0 0 0
1.000 1.000 0.158 1.000 0.262 0.492 0.377 0.372 0.610 0.560 0.215 0.132 0 0 0 0 0 0
0.577 0.000 0.814 1.000 0.262 0.413 0.412 0.372 0.585 0.479 0.215 0.000 1 1 0 0 0 0
0.577 0.000 0.814 1.000 0.262 0.445 0.549 0.702 0.266 0.664 0.565 0.466 1 0 0 0 0 0
0.409 1.000 0.654 0.535 0.262 0.534 0.333 0.578 0.478 0.609 0.215 0.132 1 1 0 0 0 0
0.577 1.000 0.814 1.000 0.262 0.445 0.597 0.479 0.412 0.336 0.504 0.308 1 0 0 0 0 0
0.409 0.000 1.000 0.535 0.262 0.337 0.433 0.527 0.412 0.636 0.428 0.826 1 0 0 0 0 0
0.246 1.000 0.654 1.000 0.262 0.413 0.959 0.647 0.636 0.735 0.565 0.620 1 1 1 0 0 0
0.246 0.000 0.814 0.186 0.262 0.358 0.893 0.625 0.286 0.441 0.428 0.826 1 1 1 1 1 1
0.577 1.000 0.158 0.309 0.262 0.428 0.573 0.258 0.478 0.636 0.215 0.308 1 0 0 0 0 0
0.577 0.000 0.273 1.000 0.262 0.428 0.696 0.763 0.306 0.499 0.338 0.826 1 0 0 0 0 0
0.577 1.000 0.538 0.535 0.262 0.520 0.597 0.479 0.456 0.518 0.504 0.711 0 0 0 0 0 0
0.246 1.000 0.413 0.535 0.262 0.377 0.526 0.501 0.661 0.584 0.338 0.540 1 1 1 1 1 1
0.409 0.000 0.538 1.000 0.262 0.185 0.573 0.234 0.390 0.795 0.215 0.132 0 0 0 0 0 0
0.246 1.000 0.413 1.000 0.262 0.666 0.454 0.234 0.542 0.441 0.215 0.308 0 0 0 0 0 0
0.409 1.000 0.158 1.000 0.262 0.534 0.501 0.324 0.390 0.584 0.565 0.466 0 0 0 0 0 0
0.246 1.000 0.654 1.000 0.262 0.445 0.825 0.553 0.519 0.609 0.809 0.826 1 1 1 0 0 0
0.577 1.000 0.413 1.000 0.262 0.397 0.573 0.300 0.368 0.424 0.338 0.540 1 1 0 0 0 0
0.577 0.000 0.814 1.000 0.201 0.492 0.549 0.553 0.456 0.479 0.504 0.388 0 0 0 0 0 0
0.246 0.000 0.814 1.000 0.262 0.561 0.333 0.393 0.412 0.406 0.504 0.620 1 1 1 0 0 0
0.246 1.000 0.654 1.000 0.262 0.337 0.549 0.673 0.325 0.387 0.428 0.466 1 1 0 0 0 0
0.577 1.000 0.538 1.000 0.262 0.520 0.597 0.578 0.519 0.609 0.504 0.466 1 1 0 0 0 0
0.409 0.000 0.413 1.000 0.262 0.166 0.796 0.763 0.390 0.300 0.809 0.826 1 1 1 1 1 1
0.246 1.000 0.538 0.535 0.262 0.547 0.412 0.393 0.542 0.664 0.215 0.000 1 1 0 0 0 0
0.409 0.000 0.538 0.535 0.262 0.608 0.412 0.553 0.244 0.441 0.565 0.466 1 1 0 0 0 0
0.246 1.000 0.654 1.000 0.262 0.752 0.623 0.763 0.519 0.336 0.565 0.620 1 0 0 0 0 0
0.409 1.000 0.413 0.000 0.262 0.787 0.207 0.142 0.661 0.537 0.428 0.132 1 0 0 0 0 0
0.409 1.000 0.654 1.000 0.262 0.462 0.597 0.372 0.542 0.711 0.428 0.308 0 0 0 0 0 0
0.246 1.000 0.814 1.000 0.262 0.358 0.597 0.372 0.345 0.609 0.504 1.000 1 0 0 0 0 0
0.409 1.000 0.538 1.000 0.262 0.735 0.312 0.278 0.200 0.387 0.565 0.540 0 0 0 0 0 0
0.783 0.000 0.814 1.000 0.262 0.547 0.526 0.501 0.456 0.370 0.428 0.388 1 0 0 0 0 0
0.246 1.000 0.654 1.000 0.262 0.547 0.394 0.457 0.498 0.518 0.705 0.540 1 1 1 0 0 0
0.577 0.000 0.158 1.000 0.262 0.462 0.796 0.578 0.563 0.584 0.428 0.466 0 0 0 0 0 0
0.783 0.000 0.654 1.000 0.262 0.445 0.696 0.602 0.519 0.664 0.565 0.620 0 0 0 0 0 0
0.577 0.000 0.654 1.000 0.262 0.337 0.597 0.349 0.435 0.499 0.428 0.308 1 0 0 0 0 0
0.577 1.000 0.226 1.000 0.262 0.462 0.377 0.393 0.542 0.636 0.215 0.000 0 0 0 0 0 0
0.409 0.000 1.000 1.000 0.201 0.520 0.597 0.553 0.519 0.537 0.428 0.224 0 0 0 0 0 0
0.577 1.000 0.814 1.000 0.262 0.397 0.647 0.349 0.636 0.560 0.504 0.620 0 0 0 0 0 0
0.577 1.000 0.158 1.000 0.262 0.649 0.549 0.300 0.563 0.837 0.338 0.224 0 0 0 0 0 0
0.577 1.000 0.158 1.000 0.405 0.284 0.476 0.324 0.855 0.584 0.215 0.000 0 0 0 0 0 0
0.409 1.000 0.273 0.510 0.262 0.478 0.412 0.436 0.478 0.537 0.215 0.132 0 0 0 0 0 0
0.409 0.000 0.814 1.000 0.262 0.506 0.526 0.578 0.478 0.518 0.565 0.620 1 0 0 0 0 0
0.246 1.000 0.814 1.000 0.409 1.000 0.270 0.479 0.585 0.406 0.215 0.620 1 0 0 0 0 0
0.409 1.000 0.158 1.000 0.262 0.263 0.742 0.436 0.762 0.735 0.565 0.388 0 0 0 0 0 0
0.577 1.000 0.654 1.000 0.262 0.492 0.454 0.258 0.762 0.735 0.705 0.540 1 0 0 0 0 0
0.577 1.000 0.654 1.000 0.262 0.337 0.742 0.578 0.610 0.560 0.000 0.224 0 0 0 0 0 0
0.783 0.000 0.654 1.000 0.262 0.445 0.377 0.553 0.542 0.636 0.215 0.224 1 0 0 0 0 0
0.577 0.000 0.158 1.000 0.262 0.506 0.549 0.436 0.636 0.460 0.428 0.466 1 0 0 0 0 0
0.246 1.000 0.654 1.000 0.201 0.809 0.549 0.763 0.636 0.460 0.338 0.466 0 0 0 0 0 0
0.409 1.000 0.158 1.000 0.262 0.397 0.597 0.349 0.686 0.584 0.215 0.000 0 0 0 0 0 0
0.409 0.000 0.226 1.000 0.262 0.445 0.454 0.324 0.542 0.479 0.565 0.620 1 0 0 0 0 0
0.409 0.000 0.538 1.000 0.000 0.263 0.696 0.436 0.686 0.795 0.338 0.388 0 0 0 0 0 0
0.577 0.000 0.538 0.535 0.262 0.534 0.333 0.457 0.325 0.499 0.428 0.711 1 1 1 0 0 0
0.577 1.000 0.654 1.000 0.262 0.445 0.526 0.349 0.822 0.609 0.705 0.620 1 0 0 0 0 0
0.783 0.000 0.538 1.000 0.262 0.547 0.312 0.501 0.435 0.460 0.504 0.224 1 0 0 0 0 0
0.409 0.000 0.814 1.000 0.000 0.428 0.573 0.414 0.519 0.636 0.428 0.388 0 0 0 0 0 0
0.409 1.000 0.538 1.000 0.262 0.506 0.333 0.104 0.368 0.537 0.215 0.132 0 0 0 0 0 0
0.577 1.000 0.654 1.000 0.262 0.397 0.796 0.414 0.794 0.735 0.428 0.224 1 1 0 0 0 0
0.409 1.000 0.413 1.000 0.262 0.478 0.696 0.553 0.585 0.664 0.504 0.540 0 0 0 0 0 0
0.409 1.000 0.654 1.000 0.262 0.592 0.251 0.234 0.563 0.370 0.338 0.308 1 1 0 0 0 0
0.246 1.000 0.654 1.000 0.262 0.445 0.270 0.414 0.412 0.406 0.000 0.132 1 1 0 0 0 0
0.246 0.000 0.654 1.000 0.262 0.413 0.647 0.258 0.610 0.609 0.428 0.388 1 0 0 0 0 0
0.000 1.000 0.413 1.000 0.262 0.933 0.290 0.647 0.435 0.584 0.428 0.711 0 0 0 0 0 0
0.409 1.000 0.654 1.000 0.000 0.608 0.290 0.324 0.542 0.460 0.338 0.308 0 0 0 0 0 0
0.409 1.000 0.413 1.000 0.262 0.697 0.501 0.479 0.661 0.518 0.504 0.388 1 1 0 0 0 0
0.246 0.000 0.158 1.000 0.262 0.358 0.670 0.234 0.435 0.609 0.428 0.711 0 0 0 0 0 0
0.409 1.000 0.654 0.309 0.262 0.478 0.526 0.479 0.456 0.560 0.630 0.826 0 0 0 0 0 0
0.577 1.000 0.413 1.000 0.000 0.445 0.412 0.436 0.519 0.537 0.428 0.224 0 0 0 0 0 0
0.577 0.000 0.814 0.186 0.262 0.666 0.623 0.602 0.478 0.537 0.428 0.620 1 1 1 1 1 1
0.409 0.000 0.654 1.000 0.000 0.413 0.549 0.393 0.762 0.441 0.338 0.224 0 0 0 0 0 0
0.246 1.000 0.654 0.066 0.262 0.547 0.501 0.501 0.733 0.636 0.215 0.466 1 1 0 0 0 0
0.246 1.000 0.413 1.000 0.262 0.787 0.501 0.479 0.636 0.518 0.428 0.308 0 0 0 0 0 0
0.246 1.000 1.000 1.000 0.262 0.534 0.549 0.278 0.709 0.664 0.215 0.388 1 0 0 0 0 0
0.577 0.000 0.814 1.000 0.262 0.478 0.454 0.479 0.435 0.735 0.215 0.308 1 0 0 0 0 0
0.000 0.000 0.413 1.000 0.262 0.735 0.312 0.647 0.160 0.223 0.630 0.540 1 1 1 1 0 0
0.246 1.000 0.538 1.000 0.000 0.520 0.501 0.372 0.435 0.636 0.565 0.388 0 0 0 0 0 0
0.246 1.000 0.654 1.000 0.262 0.547 0.696 0.324 0.456 0.336 0.565 0.620 0 0 0 0 0 0
0.000 1.000 0.273 1.000 0.262 0.462 0.501 0.300 0.585 0.479 0.338 0.620 0 0 0 0 0 0
0.577 0.000 0.158 1.000 0.262 0.718 0.454 0.479 0.519 0.479 0.630 0.620 1 1 0 0 0 0
0.409 0.000 0.814 1.000 0.262 0.462 0.647 0.879 0.610 0.387 0.705 1.000 1 0 0 0 0 0
0.577 1.000 0.538 1.000 0.262 0.592 0.412 0.457 0.435 0.609 0.504 0.224 1 1 0 0 0 0
0.409 1.000 0.654 1.000 0.262 0.666 0.597 0.731 0.519 0.537 0.565 0.620 0 0 0 0 0 0
0.409 1.000 0.538 1.000 0.262 0.666 0.412 0.172 0.610 0.281 0.630 0.540 0 0 0 0 0 0
0.783 1.000 0.654 1.000 0.262 0.608 0.501 0.602 0.686 0.518 0.504 0.540 1 0 0 0 0 0
0.409 1.000 0.654 1.000 0.405 0.492 0.412 0.393 0.325 0.424 0.215 0.224 0 0 0 0 0 0
0.409 1.000 0.654 1.000 0.262 0.735 0.501 0.324 0.368 0.664 0.338 0.388 0 0 0 0 0 0
0.577 1.000 0.654 1.000 0.262 0.637 0.355 0.457 0.610 0.479 0.504 0.466 1 0 0 0 0 0
0.409 1.000 0.538 1.000 0.262 0.576 0.476 0.372 0.661 0.406 0.215 0.224 1 1 0 0 0 0
0.577 1.000 0.538 1.000 0.262 0.561 0.597 0.278 0.542 0.636 0.504 0.540 0 0 0 0 0 0
0.246 0.000 1.000 1.000 0.262 0.317 0.433 0.479 0.585 0.636 0.338 0.224 0 0 0 0 0 0
0.409 1.000 0.413 1.000 0.262 0.561 0.623 0.479 0.686 0.609 0.215 0.224 0 0 0 0 0 0
0.000 1.000 0.654 1.000 0.262 0.809 0.433 0.578 0.390 0.636 0.338 0.620 0 0 0 0 0 0
0.783 0.000 0.273 1.000 0.262 0.520 0.377 0.372 0.585 0.537 0.215 0.224 0 0 0 0 0 0
0.409 1.000 0.654 0.535 0.262 0.561 0.597 0.527 0.610 0.479 0.428 0.388 1 1 1 0 0 0
0.409 1.000 0.814 1.000 0.262 0.413 0.722 0.553 0.542 0.761 0.215 0.132 1 0 0 0 0 0
0.783 1.000 0.158 1.000 0.262 0.397 0.377 0.210 0.661 0.584 0.215 0.132 1 0 0 0 0 0
0.577 1.000 0.158 1.000 0.262 0.576 0.290 0.192 0.585 0.460 0.215 0.000 0 0 0 0 0 0
0.000 1.000 0.814 1.000 0.262 0.462 0.501 0.457 0.519 0.609 0.338 0.308 1 1 0 0 0 0
0.783 1.000 0.538 1.000 0.262 0.301 0.501 0.393 0.585 0.460 0.338 0.132 0 0 0 0 0 0
0.000 0.000 0.654 1.000 0.409 0.462 0.696 0.349 0.585 0.424 0.565 0.540 1 1 0 0 0 0
0.246 1.000 0.538 0.535 0.262 0.397 0.454 0.501 0.542 0.424 0.630 0.540 1 1 1 1 1 0
0.577 1.000 0.654 1.000 0.262 0.561 0.333 0.457 0.519 0.518 0.215 0.540 1 0 0 0 0 0
0.246 1.000 0.654 0.535 0.409 0.377 0.696 0.527 0.498 0.560 0.338 0.224 1 1 0 0 0 0
0.783 1.000 0.654 1.000 0.262 0.608 0.549 0.647 0.456 0.636 0.565 0.540 1 1 0 0 0 0
0.000 0.000 0.654 1.000 0.000 0.428 0.549 0.436 0.686 0.370 0.504 0.224 0 0 0 0 0 0
0.783 1.000 0.654 1.000 0.262 0.462 0.573 0.414 0.368 0.424 0.338 0.308 0 0 0 0 0 0
0.246 1.000 0.538 1.000 0.262 0.506 0.573 0.625 0.610 0.499 0.809 0.826 1 1 1 1 1 1
0.577 1.000 0.538 1.000 0.262 0.445 0.855 0.647 0.762 0.689 0.565 0.540 1 1 1 1 0 0
0.000 1.000 0.654 1.000 0.262 0.428 0.526 0.393 0.661 0.711 0.565 0.826 0 0 0 0 0 0
0.409 0.000 0.814 1.000 0.405 0.492 0.355 0.436 0.306 0.689 0.338 0.308 1 1 0 0 0 0
0.409 1.000 0.654 1.000 0.262 0.413 0.696 0.457 0.636 0.664 0.504 0.308 1 0 0 0 0 0
1.000 0.000 0.000 1.000 0.262 0.284 0.333 0.142 0.368 0.406 0.215 0.000 0 0 0 0 0 0
0.246 1.000 0.654 1.000 0.262 0.492 0.647 0.731 0.498 0.537 0.428 0.620 1 1 0 0 0 0
0.409 1.000 0.158 1.000 0.262 0.492 0.670 0.578 0.368 0.354 0.809 0.620 0 0 0 0 0 0
0.000 1.000 0.654 1.000 0.262 0.506 0.696 0.625 0.519 0.560 0.630 0.540 0 0 0 0 0 0
0.409 1.000 0.538 1.000 0.262 0.413 0.573 0.436 0.585 0.479 0.428 0.620 1 1 1 1 1 1
0.409 1.000 0.654 1.000 0.262 0.534 0.501 0.501 0.456 0.499 0.565 0.826 1 1 1 1 1 1
0.246 0.000 0.814 1.000 0.201 0.301 0.573 0.702 0.435 0.664 0.215 0.308 0 0 0 0 0 0
0.246 1.000 0.413 1.000 0.262 0.623 0.526 0.300 0.498 0.318 0.809 0.711 0 0 0 0 0 0
0.577 1.000 0.158 1.000 0.262 0.413 0.412 0.349 0.661 0.636 0.215 0.000 0 0 0 0 0 0
0.246 1.000 0.538 1.000 0.262 0.534 0.597 0.393 0.762 0.584 0.428 0.224 1 0 0 0 0 0
0.577 1.000 0.538 0.510 0.262 0.592 0.476 0.324 0.636 0.518 0.215 0.132 0 0 0 0 0 0
0.246 1.000 0.538 1.000 0.262 0.492 0.670 0.602 0.686 0.689 0.504 0.826 1 1 0 0 0 0
0.246 1.000 0.654 0.535 0.262 0.752 0.454 0.414 0.661 0.441 0.504 0.540 1 1 1 1 0 0
0.246 1.000 0.538 1.000 0.262 0.547 0.670 0.578 0.709 0.499 0.630 0.711 1 0 0 0 0 0
0.409 0.000 0.538 1.000 0.262 0.697 0.623 0.602 0.709 0.263 0.809 0.711 1 0 0 0 0 0
0.246 1.000 0.814 0.186 0.262 0.561 0.670 0.393 0.345 0.609 0.428 0.388 1 1 1 0 0 0
0.409 1.000 0.413 1.000 0.262 0.462 0.412 0.553 0.661 0.537 0.215 0.308 1 0 0 0 0 0
0.000 1.000 0.654 1.000 0.262 0.637 0.454 0.578 0.498 0.518 0.504 0.540 1 1 1 0 0 0
0.246 1.000 0.654 1.000 0.262 0.492 0.573 0.457 0.390 0.636 0.565 0.388 0 0 0 0 0 0
0.409 1.000 0.654 1.000 0.262 0.478 0.597 0.647 0.661 0.537 0.705 0.826 1 1 0 0 0 0
0.783 0.000 0.654 1.000 0.262 0.337 0.670 0.479 0.661 0.636 0.428 0.540 0 0 0 0 0 0
0.577 1.000 0.654 1.000 0.262 0.445 0.722 0.578 0.563 0.609 0.428 0.466 0 0 0 0 0 0
0.409 1.000 0.654 1.000 0.262 0.317 0.597 0.673 0.435 0.537 0.215 0.132 0 0 0 0 0 0
0.577 1.000 0.654 1.000 0.262 0.445 0.573 0.414 0.709 0.711 0.428 0.308 1 0 0 0 0 0
0.000 0.000 0.413 1.000 0.262 0.547 0.647 0.372 0.412 0.584 0.705 0.620 1 1 1 1 0 0
0.577 0.000 0.814 1.000 0.262 0.413 0.549 0.527 0.390 0.479 0.504 0.540 1 1 0 0 0 0
0.577 1.000 0.654 1.000 0.262 0.358 0.722 0.553 0.636 0.735 0.215 0.000 1 0 0 0 0 0
0.409 1.000 0.538 1.000 0.262 0.666 0.162 0.234 0.585 0.560 0.215 0.132 1 0 0 0 0 0
1.000 1.000 0.814 1.000 0.262 0.534 0.333 0.457 0.435 0.537 0.428 0.132 0 0 0 0 0 0
0.246 1.000 0.654 1.000 0.262 0.520 0.696 0.527 0.519 0.609 0.565 0.711 0 0 0 0 0 0
0.577 0.000 0.654 1.000 0.262 0.413 0.623 0.300 0.636 0.537 0.565 0.620 0 0 0 0 0 0
0.246 1.000 0.654 1.000 0.262 0.576 0.647 0.527 0.368 0.735 0.504 0.620 1 1 0 0 0 0
0.246 1.000 0.538 1.000 0.262 0.520 0.647 0.324 0.822 0.795 0.215 0.000 0 0 0 0 0 0
0.246 1.000 0.814 1.000 0.262 0.735 0.549 0.501 0.563 0.560 0.504 0.466 0 0 0 0 0 0
0.246 1.000 0.158 1.000 0.262 0.649 0.476 0.172 0.542 0.689 0.215 0.000 1 1 1 0 0 0
0.000 1.000 0.273 1.000 0.262 0.592 0.476 0.414 0.412 0.537 0.428 0.466 0 0 0 0 0 0
0.577 1.000 0.538 1.000 0.262 0.237 0.597 0.647 0.733 0.537 0.215 0.308 0 0 0 0 0 0
0.409 1.000 0.814 1.000 0.262 0.608 0.312 0.527 0.733 0.880 0.215 0.308 0 0 0 0 0 0
0.246 1.000 0.273 0.186 0.262 0.830 0.312 0.393 0.610 0.354 0.504 0.224 1 1 0 0 0 0
0.000 1.000 0.413 1.000 0.262 0.735 0.270 0.000 0.610 0.370 0.215 0.132 0 0 0 0 0 0
0.246 1.000 0.654 1.000 0.262 0.428 0.670 0.647 0.636 0.636 0.215 0.466 1 1 1 0 0 0
0.409 0.000 0.654 1.000 0.262 0.809 0.270 0.501 0.661 0.081 0.338 0.388 1 0 0 0 0 0
0.246 1.000 0.413 1.000 0.262 0.478 0.355 0.258 0.286 0.300 0.000 0.132 1 0 0 0 0 0
0.246 1.000 0.538 1.000 0.262 0.718 0.394 0.324 0.563 0.406 0.428 0.308 1 1 0 0 0 0
0.577 0.000 0.814 1.000 0.262 0.377 0.454 0.349 0.585 0.735 0.428 0.388 0 0 0 0 0 0
0.577 1.000 1.000 1.000 0.262 0.155 0.526 0.479 0.794 0.761 0.338 0.224 0 0 0 0 0 0
0.577 1.000 0.538 1.000 0.262 0.682 0.549 0.501 0.636 0.664 0.338 0.466 0 0 0 0 0 0
0.577 0.000 0.654 1.000 0.262 0.445 0.526 0.479 0.435 0.711 0.504 0.308 0 0 0 0 0 0
0.409 1.000 0.654 1.000 0.262 0.608 0.355 0.414 0.478 0.609 0.215 0.132 0 0 0 0 0 0
0.000 1.000 0.814 1.000 0.262 0.301 0.647 0.436 0.822 0.795 0.338 0.466 1 1 0 0 0 0
0.577 1.000 1.000 1.000 0.262 0.397 0.526 0.578 0.498 0.636 0.215 0.000 1 1 0 0 0 0
0.246 0.000 0.538 1.000 0.262 0.718 0.394 0.414 0.368 0.460 0.215 0.308 1 1 1 0 0 0
0.409 1.000 0.814 1.000 0.262 0.337 0.766 0.702 0.686 0.609 0.504 0.620 1 1 0 0 0 0
0.000 1.000 0.413 1.000 0.262 0.445 0.597 0.479 0.610 0.636 0.338 0.466 1 1 0 0 0 0
0.409 0.000 1.000 1.000 0.262 0.520 0.501 0.673 0.110 0.460 0.338 0.540 1 0 0 0 0 0
1.000 0.000 1.000 1.000 0.262 0.592 0.476 0.457 0.286 0.761 0.338 0.132 0 0 0 0 0 0
1.000 0.000 0.538 1.000 0.262 0.358 0.454 0.578 0.563 0.609 0.428 0.388 0 0 0 0 0 0
0.577 1.000 0.538 1.000 0.262 0.445 0.647 0.879 0.368 0.499 0.809 0.826 1 1 0 0 0 0
0.783 0.000 0.654 1.000 0.262 0.413 0.433 0.647 0.498 0.479 0.809 0.540 1 0 0 0 0 0
0.577 0.000 0.814 1.000 0.201 0.377 0.623 0.479 0.636 0.537 0.215 0.132 0 0 0 0 0 0
0.783 1.000 0.000 1.000 0.262 0.358 0.501 0.527 0.733 0.664 0.338 0.132 0 0 0 0 0 0
0.000 1.000 0.654 1.000 0.262 0.445 0.526 0.527 0.585 0.584 0.215 0.224 1 1 0 0 0 0
0.409 1.000 0.654 1.000 0.000 0.478 0.501 0.457 0.498 0.499 0.338 0.000 0 0 0 0 0 0
0.783 0.000 0.654 1.000 0.262 0.337 0.476 0.501 0.542 0.609 0.428 0.540 1 1 1 0 0 0
0.409 0.000 0.538 1.000 0.000 0.377 0.722 0.324 0.435 0.499 0.428 0.540 0 0 0 0 0 0
0.577 1.000 0.814 1.000 0.262 0.358 0.766 0.625 0.563 0.795 0.428 0.388 1 0 0 0 0 0
0.409 1.000 0.814 1.000 0.000 0.377 0.526 0.393 0.390 0.518 0.215 0.000 0 0 0 0 0 0
0.577 1.000 0.814 1.000 0.262 0.166 0.825 0.798 0.610 0.609 0.630 0.620 1 0 0 0 0 0
0.577 1.000 0.814 1.000 0.262 0.623 0.394 0.602 0.542 0.300 0.338 0.711 1 0 0 0 0 0
0.783 0.000 1.000 1.000 0.262 0.358 0.501 0.527 0.542 0.499 0.565 0.308 0 0 0 0 0 0
0.246 1.000 0.654 1.000 0.262 0.547 0.526 0.349 0.542 0.537 0.338 0.466 1 1 1 0 0 0
0.409 0.000 0.814 1.000 0.262 0.547 0.647 0.553 0.368 0.584 0.428 0.711 1 1 1 0 0 0
0.409 1.000 0.814 1.000 0.262 0.576 0.433 0.553 0.563 0.735 0.215 0.466 1 0 0 0 0 0
0.783 0.000 1.000 1.000 0.262 0.377 0.573 0.436 0.456 0.424 0.428 0.388 0 0 0 0 0 0
0.246 0.000 0.413 1.000 0.262 0.358 0.722 0.702 0.610 0.479 0.565 0.540 1 1 1 1 0 0
0.577 1.000 0.654 1.000 0.262 0.478 0.433 0.479 0.610 0.499 0.338 0.388 0 0 0 0 0 0
0.577 0.000 0.814 1.000 0.262 0.317 0.623 0.578 0.563 0.560 0.504 0.388 1 0 0 0 0 0
0.783 0.000 0.814 1.000 0.262 0.506 0.526 0.647 0.498 0.370 0.338 0.308 0 0 0 0 0 0
0.577 1.000 0.413 1.000 0.262 0.520 0.454 0.172 0.478 0.479 0.338 0.308 0 0 0 0 0 0
0.577 1.000 0.814 1.000 0.262 0.506 0.501 0.553 0.636 0.636 0.504 0.620 1 0 0 0 0 0
0.577 0.000 0.654 1.000 0.262 0.377 0.742 0.553 0.456 0.609 0.504 0.620 0 0 0 0 0 0
0.409 0.000 0.538 0.186 0.262 0.337 0.377 0.647 0.435 0.537 0.705 0.466 1 1 0 0 0 0
0.409 0.000 0.654 1.000 0.262 0.377 0.696 0.414 0.456 0.537 0.215 0.466 0 0 0 0 0 0
0.577 1.000 0.654 1.000 0.262 0.547 0.290 0.501 0.306 0.479 0.215 0.000 0 0 0 0 0 0
0.577 0.000 0.814 1.000 0.262 0.561 0.549 0.457 0.563 0.370 0.428 0.466 1 0 0 0 0 0
0.246 0.000 0.413 1.000 0.262 0.608 0.549 0.414 0.456 0.499 0.428 0.132 0 0 0 0 0 0
0.246 1.000 0.814 1.000 0.262 0.210 0.597 0.414 0.733 0.664 0.215 0.224 1 1 0 0 0 0
0.409 1.000 0.538 1.000 0.000 0.377 0.647 0.393 0.709 0.636 0.215 0.132 0 0 0 0 0 0
0.409 1.000 0.413 1.000 0.262 0.608 0.333 0.602 0.390 0.441 0.215 0.388 1 1 1 1 1 0
0.577 1.000 0.538 1.000 0.262 0.506 0.476 0.436 0.412 0.560 0.338 0.388 0 0 0 0 0 0
0.246 1.000 0.538 1.000 0.262 0.682 0.501 0.501 0.390 0.441 0.504 0.466 1 1 1 0 0 0
0.000 1.000 0.226 1.000 0.262 0.462 0.573 0.501 0.412 0.479 0.338 0.308 0 0 0 0 0 0
0.409 0.000 0.538 1.000 0.262 0.718 0.433 0.553 0.498 0.499 0.338 0.388 1 1 0 0 0 0
1.000 1.000 0.158 1.000 0.262 0.637 0.377 0.553 0.478 0.664 0.428 0.388 0 0 0 0 0 0
0.409 1.000 0.654 1.000 0.262 0.534 0.454 0.300 0.733 0.560 0.428 0.132 0 0 0 0 0 0
0.409 1.000 0.538 0.000 0.262 0.637 0.355 0.501 0.563 0.584 0.338 0.308 0 0 0 0 0 0
0.246 1.000 0.413 0.000 0.262 0.478 0.433 0.278 0.519 0.584 0.215 0.132 0 0 0 0 0 0
0.409 1.000 1.000 1.000 0.262 0.592 0.433 0.414 0.585 0.636 0.338 0.308 0 0 0 0 0 0
0.783 1.000 0.538 1.000 0.262 0.492 0.597 0.527 0.390 0.441 0.428 0.540 1 1 0 0 0 0
0.577 1.000 0.654 1.000 0.262 0.462 0.501 0.324 0.478 0.636 0.428 0.224 0 0 0 0 0 0
0.577 1.000 0.654 1.000 0.262 0.358 0.145 0.324 0.733 0.518 0.338 0.132 0 0 0 0 0 0
0.409 0.000 0.814 1.000 0.262 0.547 0.312 0.393 0.345 0.609 0.215 0.308 1 1 0 0 0 0
0.577 0.000 0.814 1.000 0.262 0.445 0.412 0.414 0.661 0.609 0.338 0.388 1 1 0 0 0 0
0.409 1.000 0.273 1.000 0.262 0.263 0.623 0.501 0.498 0.735 0.504 0.540 0 0 0 0 0 0
0.409 0.000 0.814 1.000 0.262 0.397 0.526 0.501 0.585 0.560 0.215 0.000 0 0 0 0 0 0
0.577 1.000 0.654 1.000 0.262 0.317 0.476 0.393 0.519 0.584 0.215 0.132 0 0 0 0 0 0
0.000 1.000 0.158 1.000 0.262 0.682 0.412 0.210 0.456 0.479 0.809 0.711 1 0 0 0 0 0
0.577 1.000 0.814 1.000 0.262 0.462 0.501 0.457 0.542 0.518 0.215 0.388 0 0 0 0 0 0
0.246 1.000 0.814 1.000 0.262 0.520 0.766 0.578 0.585 0.689 0.504 0.388 0 0 0 0 0 0
0.000 1.000 0.273 0.510 0.262 0.428 0.526 0.414 0.519 0.479 0.338 0.224 0 0 0 0 0 0
0.577 1.000 1.000 1.000 0.262 0.397 0.623 0.625 0.498 0.560 0.338 0.388 0 0 0 0 0 0
0.783 1.000 0.654 1.000 0.262 0.445 0.623 0.702 0.435 0.387 0.809 0.620 1 1 1 0 0 0
0.409 0.000 0.654 1.000 0.000 0.397 0.796 0.372 0.498 0.664 0.338 0.388 1 1 0 0 0 0
0.246 1.000 0.538 1.000 0.262 0.520 0.501 0.414 0.542 0.636 0.215 0.224 0 0 0 0 0 0
0.577 1.000 0.158 1.000 0.405 0.561 0.454 0.324 0.478 0.584 0.630 0.620 0 0 0 0 0 0
0.577 1.000 0.654 1.000 0.262 0.623 0.454 0.436 0.345 0.479 0.215 0.224 1 0 0 0 0 0
0.409 1.000 0.413 1.000 0.262 0.592 0.454 0.372 0.762 0.735 0.215 0.000 0 0 0 0 0 0
0.000 1.000 0.654 1.000 0.262 0.397 0.573 0.602 0.636 0.518 0.428 0.620 1 1 0 0 0 0
0.577 0.000 0.226 1.000 0.262 0.649 0.333 0.258 0.542 0.387 0.338 0.540 1 1 0 0 0 0
0.246 1.000 1.000 1.000 0.262 0.547 0.501 0.763 0.368 0.636 0.504 0.388 1 0 0 0 0 0
0.409 1.000 0.538 1.000 0.262 0.397 0.696 0.501 0.636 0.837 0.504 0.388 0 0 0 0 0 0
0.409 0.000 0.273 1.000 0.262 0.428 0.251 0.210 0.636 0.560 0.565 0.540 1 1 1 1 0 0
0.577 0.000 0.814 1.000 0.262 0.237 0.742 0.527 0.733 0.689 0.215 0.308 0 0 0 0 0 0
0.246 1.000 0.538 1.000 0.262 0.547 0.454 0.324 0.661 0.424 0.215 0.000 1 0 0 0 0 0
0.577 0.000 0.538 1.000 0.262 0.462 0.573 0.372 0.563 0.479 0.565 0.466 1 0 0 0 0 0
0.577 1.000 0.538 1.000 0.262 0.358 0.573 0.414 0.610 0.609 0.428 0.466 0 0 0 0 0 0
0.409 0.000 0.000 1.000 0.262 0.478 0.433 0.372 0.435 0.584 0.215 0.308 1 1 0 0 0 0
0.783 1.000 0.273 0.535 0.262 0.445 0.433 0.278 0.636 0.609 0.215 0.132 0 0 0 0 0 0
0.000 1.000 0.413 1.000 0.262 0.933 0.207 0.393 0.563 0.243 0.504 0.388 1 1 1 1 1 0
1.000 0.000 0.413 0.535 0.262 0.317 0.433 0.372 0.519 0.518 0.705 0.466 0 0 0 0 0 0
1.000 1.000 0.158 0.535 0.262 0.492 0.476 0.300 0.306 0.499 0.428 0.711 0 0 0 0 0 0
0.246 1.000 0.814 1.000 0.262 0.576 0.412 0.625 0.563 0.354 0.809 0.711 1 1 1 0 0 0
0.577 1.000 0.814 1.000 0.000 0.608 0.526 0.501 0.498 0.689 0.428 0.308 0 0 0 0 0 0
0.577 1.000 0.538 0.535 0.262 0.428 0.549 0.702 0.244 0.560 0.809 0.620 1 1 0 0 0 0
0.409 0.000 1.000 1.000 0.262 0.237 0.696 0.578 0.610 0.711 0.428 0.620 0 0 0 0 0 0
0.577 1.000 0.538 1.000 0.262 0.492 0.454 0.436 0.636 0.609 0.215 0.466 0 0 0 0 0 0
0.409 1.000 0.814 1.000 0.262 0.445 0.670 0.673 0.542 0.560 0.000 0.466 1 1 1 1 1 1
0.783 1.000 0.538 1.000 0.262 0.263 0.647 0.479 0.636 0.761 0.000 0.132 0 0 0 0 0 0
0.783 1.000 0.538 1.000 0.262 0.608 0.501 0.527 0.478 0.584 0.504 0.388 0 0 0 0 0 0
0.000 1.000 0.000 1.000 0.262 0.547 0.476 0.527 0.478 0.441 0.630 0.308 1 1 1 1 1 1
0.409 1.000 0.814 1.000 0.262 0.237 0.526 0.763 0.762 0.664 0.338 0.308 1 0 0 0 0 0
0.409 1.000 0.654 1.000 0.262 0.520 0.573 0.501 0.636 0.537 0.504 0.466 1 1 0 0 0 0
0.577 1.000 0.654 1.000 0.262 0.492 0.766 0.798 0.855 0.537 0.809 0.826 1 1 1 0 0 0
0.577 0.000 0.814 1.000 0.262 0.377 0.623 0.527 0.498 0.560 0.215 0.132 1 0 0 0 0 0
0.577 0.000 0.538 1.000 0.000 0.428 0.549 0.457 0.478 0.537 0.428 0.224 0 0 0 0 0 0
0.577 0.000 0.654 1.000 0.262 0.592 0.394 0.436 0.519 0.479 0.428 0.620 1 1 1 0 0 0
0.409 1.000 0.413 1.000 0.262 0.666 0.412 0.673 0.686 0.406 0.630 0.466 1 1 0 0 0 0
0.409 0.000 0.538 1.000 0.262 0.576 0.526 0.527 0.435 0.424 0.428 0.620 1 1 1 1 0 0
0.577 0.000 0.654 1.000 0.262 0.492 0.394 0.602 0.610 0.300 0.504 0.466 1 0 0 0 0 0
0.246 0.000 0.158 1.000 0.262 0.445 0.501 0.501 0.412 0.560 0.565 0.308 1 1 0 0 0 0
0.409 0.000 0.538 1.000 0.262 0.547 0.476 0.527 0.542 0.460 0.338 0.620 1 0 0 0 0 0
0.246 0.000 0.000 1.000 0.262 0.608 0.501 0.731 0.762 0.636 0.809 1.000 1 1 1 0 0 0
0.577 0.000 0.654 1.000 0.262 0.337 0.476 0.324 0.709 0.560 0.338 0.540 1 0 0 0 0 0
0.409 0.000 0.158 1.000 0.262 0.880 0.312 0.372 0.244 0.263 0.809 1.000 1 1 1 0 0 0
0.409 0.000 0.413 1.000 0.262 0.576 0.377 0.673 0.519 0.441 0.565 0.466 1 1 0 0 0 0
0.246 1.000 0.413 1.000 0.262 0.428 0.742 0.625 0.519 0.560 0.705 1.000 1 1 0 0 0 0
0.577 1.000 0.654 1.000 0.262 0.592 0.623 0.527 0.519 0.479 0.428 0.540 1 1 0 0 0 0
0.409 1.000 0.538 1.000 0.262 0.608 0.597 0.702 0.636 0.689 0.630 0.620 1 1 1 0 0 0
0.577 0.000 0.654 1.000 0.262 0.576 0.549 0.501 0.585 0.560 0.338 0.388 1 1 0 0 0 0
0.577 1.000 0.538 1.000 0.262 0.697 0.476 0.324 0.610 0.560 0.215 0.000 0 0 0 0 0 0
0.409 1.000 1.000 1.000 0.262 0.576 0.476 0.553 0.498 0.424 0.428 0.466 1 0 0 0 0 0
0.577 0.000 0.538 1.000 0.201 0.492 0.501 0.436 0.435 0.318 0.215 0.132 1 0 0 0 0 0
0.409 1.000 0.654 1.000 0.201 0.358 0.573 0.501 0.478 0.584 0.215 0.224 0 0 0 0 0 0
0.577 1.000 0.654 1.000 0.262 0.337 0.573 0.578 0.563 0.537 0.504 0.466 1 1 0 0 0 0
0.246 0.000 0.538 1.000 0.262 0.506 0.355 0.258 0.519 0.609 0.428 0.308 1 1 1 1 1 1
0.246 1.000 0.654 1.000 0.262 0.697 0.549 0.578 0.610 0.406 0.504 0.466 1 1 0 0 0 0
0.000 0.000 0.273 0.535 0.262 0.547 0.549 0.553 0.368 0.460 0.338 0.540 1 1 1 1 1 1
0.409 1.000 0.654 1.000 0.262 0.666 0.855 0.798 0.306 0.560 0.705 1.000 1 1 0 0 0 0
0.000 1.000 0.413 1.000 0.262 0.649 0.647 0.349 0.585 0.537 0.428 0.620 1 1 1 0 0 0
0.577 0.000 0.654 1.000 0.262 0.462 0.231 0.647 0.368 0.518 0.428 0.388 1 1 1 1 0 0
0.783 1.000 0.814 1.000 0.262 0.478 0.696 0.673 0.733 0.664 0.338 0.224 0 0 0 0 0 0
1.000 0.000 0.538 1.000 0.262 0.534 0.526 0.578 0.306 0.711 0.215 0.308 0 0 0 0 0 0
0.577 1.000 0.814 1.000 0.262 0.377 0.501 0.414 0.519 0.636 0.338 0.620 1 1 0 0 0 0
0.246 1.000 0.654 1.000 0.262 0.445 0.412 0.258 0.563 0.424 0.338 0.224 1 0 0 0 0 0
0.246 0.000 0.814 0.186 0.262 0.637 0.355 0.625 0.585 0.609 0.565 0.466 0 0 0 0 0 0
0.577 1.000 0.538 1.000 0.262 0.637 0.433 0.647 0.498 0.537 0.428 0.466 1 0 0 0 0 0
0.409 0.000 0.654 1.000 0.262 0.445 0.670 0.479 0.412 0.518 0.504 0.711 1 1 0 0 0 0
0.409 0.000 0.158 0.186 0.262 0.462 0.412 0.349 0.368 0.387 0.705 0.388 1 1 1 1 1 1
0.409 1.000 0.814 0.186 0.262 0.397 0.526 0.501 0.456 0.609 0.504 0.620 1 0 0 0 0 0
0.577 1.000 0.654 1.000 0.262 0.534 0.454 0.457 0.661 0.609 0.000 0.388 0 0 0 0 0 0
0.577 1.000 0.654 1.000 0.000 0.478 0.526 0.372 0.610 0.584 0.504 0.132 0 0 0 0 0 0
0.246 0.000 0.538 1.000 0.262 0.428 0.433 0.142 0.519 0.441 0.338 0.466 1 1 0 0 0 0
0.577 0.000 0.273 1.000 0.262 0.210 0.573 0.349 0.733 0.584 0.338 0.388 0 0 0 0 0 0
0.246 0.000 0.654 1.000 0.000 0.317 0.549 0.436 0.306 0.795 0.338 0.540 0 0 0 0 0 0
0.409 0.000 0.538 1.000 0.262 0.534 0.454 0.553 0.478 0.460 0.428 0.308 1 0 0 0 0 0
0.246 0.000 1.000 1.000 0.262 0.428 0.549 0.501 0.519 0.584 0.215 0.132 1 0 0 0 0 0
0.409 1.000 0.413 1.000 0.262 0.413 0.433 0.578 0.519 0.499 0.504 0.308 1 0 0 0 0 0
0.246 1.000 0.654 1.000 0.262 0.608 0.501 0.553 0.542 0.518 0.338 0.388 1 1 0 0 0 0
0.409 1.000 0.226 1.000 0.262 0.445 0.549 0.436 0.498 0.664 0.338 0.224 0 0 0 0 0 0
0.246 1.000 0.538 1.000 0.262 0.397 0.476 0.172 0.412 0.711 0.215 0.000 0 0 0 0 0 0
0.246 0.000 0.538 1.000 0.262 0.301 0.597 0.501 0.390 0.761 0.565 0.620 1 0 0 0 0 0
0.409 0.000 0.654 1.000 0.262 0.547 0.696 0.457 0.286 0.387 0.809 0.826 1 1 0 0 0 0
0.409 1.000 0.654 1.000 0.262 0.237 0.597 0.372 0.456 0.584 0.428 0.388 1 1 0 0 0 0
0.577 0.000 0.538 1.000 0.262 0.534 0.573 0.393 0.286 0.560 0.705 0.826 0 0 0 0 0 0
0.246 1.000 0.814 1.000 0.262 0.397 0.549 0.578 0.306 0.636 0.630 0.388 1 1 1 1 1 0
0.577 0.000 0.814 1.000 0.262 0.377 0.696 0.763 0.636 0.584 0.338 0.224 1 0 0 0 0 0
0.246 1.000 0.273 1.000 0.262 0.492 0.476 0.210 0.585 0.609 0.338 0.308 1 0 0 0 0 0
0.577 0.000 0.158 1.000 0.262 0.534 0.333 0.457 0.266 0.406 0.809 0.826 1 1 1 1 1 1
0.000 0.000 0.413 1.000 0.262 0.377 0.394 0.479 0.412 0.318 0.565 0.620 1 1 1 1 1 0
0.000 0.000 0.654 1.000 0.262 0.301 0.597 0.479 0.390 0.441 0.215 0.388 1 1 1 1 1 0
0.577 0.000 0.226 1.000 0.262 0.649 0.476 0.501 0.478 0.537 0.630 0.540 1 1 1 1 1 1
0.000 1.000 0.000 1.000 0.262 0.534 0.742 0.835 0.686 0.499 0.705 0.711 1 1 1 1 1 0
0.577 1.000 0.654 1.000 0.262 0.787 0.355 0.798 0.498 0.441 0.504 0.620 1 1 1 1 1 1
0.409 0.000 0.226 1.000 0.405 0.718 0.476 0.479 0.456 0.406 0.428 0.540 1 1 1 1 1 1
0.246 0.000 0.654 1.000 0.262 0.413 0.526 0.625 0.519 0.460 0.504 0.132 1 1 1 1 1 1
0.409 1.000 0.538 0.000 0.262 0.284 0.623 0.647 0.542 0.584 0.428 0.620 1 1 1 1 1 1
0.577 0.000 0.273 1.000 0.262 0.666 0.290 0.602 0.636 0.300 0.630 0.620 1 1 1 1 1 1
0.409 1.000 0.413 0.186 0.262 0.445 0.270 0.578 0.519 0.263 0.428 0.308 1 0 0 0 0 0
0.246 1.000 0.654 1.000 0.262 0.534 0.670 0.372 0.563 0.460 0.338 0.388 1 1 0 0 0 0
0.409 0.000 0.413 1.000 0.262 0.520 0.476 0.647 0.519 0.441 0.428 0.466 1 1 1 1 1 1
0.409 1.000 0.413 1.000 0.262 0.237 0.549 0.349 0.478 0.406 0.504 0.466 1 0 0 0 0 0
0.000 0.000 0.273 1.000 0.262 0.428 0.333 0.436 0.200 0.880 0.428 0.711 1 1 1 1 1 1
0.000 0.000 0.413 1.000 0.262 0.506 0.394 0.578 0.180 0.318 0.504 0.711 1 1 1 1 1 1
0.246 0.000 0.413 1.000 0.262 0.397 0.647 0.553 0.345 0.406 0.705 1.000 1 1 0 0 0 0
0.246 1.000 1.000 1.000 0.262 0.561 0.501 0.702 0.435 0.560 0.428 0.466 1 1 1 1 0 0
0.246 0.000 0.654 1.000 0.262 0.608 0.526 0.501 0.456 0.518 0.504 0.388 0 0 0 0 0 0
0.000 0.000 0.273 1.000 0.262 0.561 0.623 0.527 0.368 0.664 0.565 0.711 1 1 1 1 1 1
0.246 0.000 0.413 1.000 0.262 0.561 0.231 0.300 0.456 0.441 0.565 0.308 1 1 0 0 0 0
0.409 0.000 0.538 1.000 0.262 0.397 0.476 0.527 0.762 0.406 0.428 0.224 1 1 1 1 1 1
0.409 1.000 0.654 1.000 0.409 0.358 0.623 0.414 0.686 0.636 0.428 0.308 0 0 0 0 0 0
0.577 1.000 1.000 0.000 0.262 0.592 0.501 0.798 0.636 0.499 0.705 0.620 1 1 1 1 1 1
0.409 0.000 0.654 1.000 0.262 0.462 0.454 0.553 0.456 0.263 0.428 0.308 1 1 1 1 1 0
0.577 0.000 0.158 1.000 0.262 0.547 0.501 0.479 0.478 0.499 0.565 0.466 1 0 0 0 0 0
0.409 0.000 0.654 0.186 0.262 0.608 0.377 0.501 0.306 0.479 0.630 0.540 1 1 1 1 1 1
0.246 1.000 0.273 1.000 0.262 0.377 0.476 0.192 0.542 0.609 0.215 0.132 1 1 0 0 0 0
0.246 0.000 0.000 1.000 0.262 0.547 0.355 0.300 0.390 0.460 0.428 0.466 1 0 0 0 0 0
0.246 1.000 0.273 1.000 0.262 0.520 0.549 0.372 0.636 0.354 0.504 0.466 1 1 0 0 0 0
0.246 0.000 0.654 1.000 0.262 0.478 0.454 0.258 0.542 0.518 0.338 0.224 0 0 0 0 0 0
0.577 1.000 0.158 1.000 0.262 0.547 0.796 0.349 0.686 0.479 0.809 0.711 1 1 0 0 0 0
0.000 1.000 0.654 1.000 0.262 0.492 0.647 0.278 0.822 0.735 0.428 0.388 0 0 0 0 0 0
0.246 1.000 0.654 1.000 0.262 0.520 0.573 0.349 0.585 0.761 0.338 0.388 0 0 0 0 0 0
0.783 0.000 0.413 0.000 0.262 0.413 0.454 0.702 0.762 0.609 0.215 0.224 1 1 1 1 1 1
0.577 0.000 0.158 1.000 0.262 0.301 0.573 0.578 0.368 0.560 0.565 0.620 1 1 1 1 1 1
0.246 1.000 0.654 0.000 0.262 0.933 0.433 0.393 0.244 0.205 0.630 0.540 1 1 0 0 0 0
0.000 1.000 0.413 0.000 0.262 0.718 0.454 0.578 0.478 0.243 0.504 0.466 1 1 1 1 0 0
0.409 1.000 0.654 1.000 0.262 0.445 0.573 0.436 0.610 0.761 0.428 0.388 1 1 0 0 0 0
0.000 1.000 0.413 1.000 0.262 0.413 0.722 0.192 0.498 0.584 0.565 0.540 1 1 0 0 0 0
0.246 1.000 0.814 1.000 0.262 0.377 0.501 0.578 0.478 0.499 0.504 0.540 1 1 1 1 1 1
0.409 0.000 0.158 1.000 0.262 0.576 0.597 0.414 0.390 0.460 0.428 0.466 1 0 0 0 0 0
0.577 1.000 0.538 1.000 0.262 0.445 0.623 0.625 0.519 0.609 0.000 0.308 0 0 0 0 0 0
0.577 1.000 0.654 1.000 0.262 0.666 0.355 0.436 0.368 0.560 0.428 0.132 0 0 0 0 0 0
0.246 1.000 0.654 1.000 0.262 0.547 0.333 0.602 0.898 0.406 0.338 0.620 1 1 1 0 0 0
0.246 0.000 0.814 1.000 0.262 0.520 0.476 0.393 0.390 0.336 0.705 0.540 1 1 0 0 0 0
0.000 1.000 0.413 1.000 0.262 0.682 0.722 0.702 0.244 0.370 0.705 0.826 1 1 1 0 0 0
0.000 0.000 0.654 1.000 0.262 0.462 0.597 0.602 0.456 0.609 0.428 0.540 1 1 1 0 0 0
0.000 1.000 0.654 1.000 0.262 0.623 0.476 0.393 0.585 0.354 0.565 0.540 1 1 1 1 1 0
0.000 1.000 0.814 1.000 0.262 0.337 0.623 0.393 0.478 0.609 0.504 0.388 1 1 0 0 0 0
0.409 1.000 0.654 1.000 0.262 0.492 0.476 0.553 0.519 0.636 0.215 0.540 1 1 0 0 0 0
0.246 0.000 0.654 1.000 0.262 0.697 0.231 0.479 0.519 0.560 0.215 0.466 1 1 1 0 0 0
0.577 0.000 1.000 1.000 0.262 0.492 0.412 0.673 0.390 0.460 0.809 0.711 1 1 1 1 1 1
0.000 1.000 0.654 1.000 0.262 0.637 0.377 0.647 0.390 0.129 0.630 0.466 1 1 1 0 0 0
0.409 0.000 0.654 1.000 0.262 0.752 0.433 0.578 0.180 0.406 0.630 0.620 1 1 1 1 0 0
0.409 1.000 0.814 1.000 0.262 0.445 0.412 0.553 0.585 0.609 0.215 0.000 1 0 0 0 0 0
0.000 1.000 0.654 1.000 0.262 0.608 0.501 0.553 0.585 0.518 0.428 0.540 1 1 1 1 1 1
0.246 0.000 0.814 1.000 0.262 0.649 0.696 0.835 0.134 0.441 0.565 0.540 1 1 1 1 0 0
0.000 1.000 0.654 1.000 0.262 0.697 0.290 0.731 0.244 0.537 0.630 0.540 1 1 1 1 1 0
0.000 0.000 0.413 1.000 0.262 0.735 0.290 0.104 0.762 0.318 0.565 0.224 1 1 0 0 0 0
0.409 0.000 0.413 1.000 0.262 0.637 0.573 0.763 0.519 0.167 0.705 0.826 1 1 0 0 0 0
0.577 0.000 0.273 1.000 0.262 0.666 0.355 0.436 0.709 0.318 0.428 0.620 1 0 0 0 0 0
0.000 1.000 0.654 1.000 0.262 0.561 0.377 0.702 0.610 0.636 0.504 0.466 1 1 1 0 0 0
0.000 1.000 0.814 1.000 0.262 0.718 0.333 0.527 0.435 0.441 0.705 0.711 1 1 0 0 0 0
0.000 1.000 0.654 1.000 0.201 0.561 0.597 0.702 0.661 0.460 0.338 0.711 1 1 1 1 1 1
0.577 0.000 0.654 1.000 0.262 0.547 0.501 0.731 0.498 0.711 0.428 0.466 1 0 0 0 0 0
0.409 0.000 0.654 1.000 0.262 0.506 0.526 0.414 0.456 0.518 0.215 0.224 0 0 0 0 0 0
0.246 0.000 0.654 1.000 0.262 0.337 0.766 0.763 0.610 0.499 0.630 0.826 1 1 1 0 0 0
0.577 1.000 0.158 0.000 0.262 0.933 0.251 0.300 0.733 0.205 0.428 0.540 1 0 0 0 0 0
0.000 1.000 0.654 1.000 0.262 0.534 0.623 0.578 0.478 0.609 0.338 0.308 0 0 0 0 0 0
0.000 0.000 0.814 1.000 0.294 0.377 0.893 0.702 0.661 0.837 0.428 0.620 1 1 1 1 1 1
0.000 1.000 0.000 1.000 0.262 0.561 0.501 0.501 0.686 0.499 0.504 0.466 1 1 1 0 0 0
0.409 1.000 0.413 0.000 0.262 0.718 0.501 0.457 0.390 0.424 0.630 0.466 1 1 1 1 1 1
0.783 1.000 0.654 1.000 0.409 0.478 0.647 0.553 0.478 0.560 0.215 0.000 0 0 0 0 0 0
0.577 1.000 0.654 0.000 0.262 0.337 0.647 0.457 0.610 0.636 0.338 0.308 1 1 1 1 1 1
0.409 0.000 0.654 1.000 0.262 0.769 0.355 0.625 0.244 0.441 0.504 0.308 1 1 0 0 0 0
0.409 1.000 0.538 1.000 0.262 0.735 0.394 0.414 0.325 0.318 0.705 0.711 1 1 0 0 0 0
0.246 1.000 0.654 1.000 0.262 0.576 0.623 0.479 0.636 0.584 0.428 0.540 1 1 0 0 0 0
0.246 1.000 0.814 0.309 0.262 0.576 0.433 0.763 0.709 0.537 0.504 0.620 1 1 0 0 0 0
0.000 0.000 0.413 0.000 0.262 0.682 0.377 0.501 0.306 0.406 0.215 0.308 1 1 1 0 0 0
0.409 1.000 0.654 0.309 0.262 0.666 0.526 0.578 0.478 0.584 0.504 0.620 1 1 1 0 0 0
0.409 0.000 0.413 1.000 0.262 0.413 0.476 0.578 0.519 0.735 0.338 0.466 1 1 1 1 1 1
0.246 1.000 0.654 1.000 0.262 0.697 0.573 0.763 0.542 0.636 0.504 0.308 1 1 1 1 1 1
0.409 1.000 0.158 1.000 0.262 0.428 0.647 0.436 0.610 0.460 0.215 0.224 1 1 1 1 1 1
0.577 1.000 0.158 1.000 0.262 0.445 0.549 0.278 0.661 0.387 0.215 0.308 1 1 1 1 1 1
0.246 0.000 0.273 0.186 0.262 0.735 0.251 0.702 0.390 0.300 0.338 0.224 1 1 1 1 1 0
0.409 1.000 0.273 0.000 0.262 0.787 0.231 0.731 0.345 0.537 0.504 0.388 1 1 1 1 1 1
0.246 0.000 0.158 1.000 0.262 0.576 0.290 0.553 0.610 0.441 0.428 0.826 1 1 1 1 1 1
0.000 0.000 0.000 1.000 0.262 0.809 0.290 0.578 0.222 0.263 0.428 0.540 1 1 1 1 1 1
0.000 0.000 0.413 1.000 0.262 0.358 0.670 0.673 0.306 0.300 0.338 0.826 1 1 1 1 1 1
0.577 1.000 0.538 1.000 0.262 0.608 0.623 0.602 0.456 0.387 0.705 1.000 1 1 1 1 1 1
0.000 0.000 0.273 1.000 0.262 0.377 0.573 0.602 0.585 0.499 0.504 0.620 1 1 1 1 1 1
0.000 0.000 0.538 1.000 0.262 0.592 0.412 0.673 0.498 0.537 0.630 0.711 1 1 1 1 1 1
0.000 0.000 0.413 1.000 0.262 0.623 0.251 0.673 0.325 0.263 0.215 0.388 1 1 1 0 0 0
0.000 0.000 0.538 0.186 0.405 0.337 0.433 0.602 0.585 0.518 0.215 0.466 1 1 1 1 1 1
0.783 0.000 0.413 0.000 0.262 0.397 0.526 0.625 0.585 0.636 0.215 0.388 1 1 0 0 0 0
0.246 0.000 0.814 1.000 0.262 0.520 0.696 1.000 0.412 0.499 0.338 0.540 1 1 0 0 0 0
0.246 0.000 0.158 0.186 0.262 0.506 0.412 0.673 0.563 0.387 0.428 0.540 1 1 1 1 1 1
0.783 1.000 0.413 1.000 0.262 0.718 0.394 0.763 0.478 0.223 0.630 0.826 1 1 1 1 1 1
0.409 1.000 0.538 0.510 0.262 0.520 0.573 0.393 0.390 0.664 0.565 0.711 1 1 1 1 1 1
0.246 1.000 0.538 1.000 0.262 0.428 0.476 0.300 0.498 0.441 0.630 0.000 1 1 0 0 0 0
0.000 0.000 0.413 0.000 0.262 0.284 0.597 0.479 0.412 0.460 0.565 0.711 1 1 1 1 1 1
0.783 1.000 0.538 0.535 0.262 0.520 0.454 0.479 0.390 0.584 0.705 0.711 1 1 1 1 1 0
0.409 0.000 0.158 1.000 0.262 0.506 0.501 0.479 0.498 0.560 0.215 0.224 1 1 1 1 1 1
0.577 0.000 0.538 0.186 0.262 0.576 0.573 0.578 0.345 0.336 0.630 0.540 1 1 0 0 0 0
0.409 0.000 0.654 1.000 0.262 0.445 0.597 0.673 0.390 0.584 0.504 0.540 1 1 0 0 0 0
0.246 0.000 0.654 1.000 0.262 0.534 0.454 0.372 0.306 0.499 0.504 0.388 1 1 1 1 1 1
0.409 0.000 0.158 1.000 0.262 0.735 0.333 0.349 0.244 0.387 0.338 0.540 1 1 0 0 0 0
0.409 1.000 0.814 0.186 0.262 0.358 0.670 0.479 0.542 0.518 0.215 0.388 0 0 0 0 0 0
0.409 0.000 0.654 1.000 0.262 0.520 0.647 0.436 0.456 0.441 0.565 0.466 1 1 1 1 1 0
0.577 1.000 0.814 1.000 0.262 0.576 0.573 0.501 0.478 0.537 0.428 0.224 1 1 1 1 1 0
0.000 0.000 0.413 1.000 0.262 0.576 0.573 0.625 0.519 0.354 0.809 0.620 1 1 1 1 1 1
0.783 0.000 0.158 0.000 0.262 0.492 0.454 0.501 0.610 0.560 0.428 0.466 1 1 1 1 1 0
0.409 0.000 0.158 1.000 0.262 0.649 0.454 0.278 0.435 0.460 0.428 0.466 0 0 0 0 0 0
0.000 1.000 0.226 0.000 0.262 0.301 0.796 0.602 0.519 0.537 0.630 1.000 1 1 1 1 1 1
0.409 1.000 0.158 1.000 0.262 0.492 0.526 0.414 0.266 0.537 0.428 0.388 1 1 0 0 0 0
0.246 1.000 0.814 1.000 0.262 0.561 0.476 0.578 0.435 0.636 0.338 0.466 1 1 0 0 0 0
0.246 0.000 0.538 0.186 0.262 0.592 0.412 0.553 0.478 0.387 0.565 0.826 1 1 1 1 1 1
0.246 0.000 0.814 1.000 0.262 0.492 0.549 0.324 0.661 0.761 0.565 0.826 1 1 1 0 0 0
0.409 1.000 0.654 1.000 0.262 0.547 0.454 0.372 0.390 0.636 0.215 0.000 1 1 1 0 0 0
0.577 1.000 0.158 0.309 0.262 0.608 0.454 0.393 0.435 0.518 0.338 0.224 1 1 1 1 0 0
0.000 0.000 0.413 0.000 0.262 0.520 0.549 0.527 0.306 0.479 0.565 0.540 1 1 1 1 1 1
0.000 0.000 0.413 1.000 0.262 0.478 0.573 0.501 0.390 0.318 0.504 0.540 1 1 1 1 1 1
0.409 1.000 0.000 1.000 0.262 0.534 0.377 0.234 0.519 0.560 0.215 0.000 1 1 0 0 0 0
0.577 1.000 0.654 0.309 0.262 0.413 0.597 0.702 0.794 0.880 0.504 0.540 1 1 1 1 1 1
0.783 0.000 0.273 1.000 0.262 0.237 0.573 0.349 0.498 0.560 0.338 0.388 0 0 0 0 0 0
0.000 0.000 0.538 1.000 0.262 0.649 0.290 0.479 0.222 0.300 0.630 0.540 1 1 1 1 1 0
0.409 0.000 1.000 1.000 0.262 0.608 0.476 0.501 0.585 0.263 0.565 0.466 1 1 0 0 0 0
0.246 1.000 0.538 1.000 0.262 0.623 0.670 0.527 0.498 0.499 0.428 0.826 1 1 1 0 0 0
0.783 0.000 0.654 1.000 0.262 0.649 0.501 0.625 0.222 0.584 0.428 0.224 1 0 0 0 0 0
0.577 0.000 0.654 1.000 0.262 0.666 0.270 0.414 0.542 0.370 0.428 0.711 1 1 1 1 1 1
0.000 1.000 0.654 1.000 0.262 0.478 0.526 0.414 0.733 0.664 0.504 0.224 0 0 0 0 0 0
0.246 0.000 0.814 1.000 0.262 0.462 0.476 0.414 0.266 0.406 0.565 0.540 0 0 0 0 0 0
0.409 1.000 0.814 1.000 0.262 0.237 0.855 0.457 0.709 0.711 0.504 0.224 0 0 0 0 0 0
0.246 1.000 0.654 0.000 0.262 0.649 0.501 0.673 0.200 0.424 0.504 0.466 1 1 0 0 0 0
0.000 1.000 0.654 1.000 0.262 0.718 0.623 0.372 0.636 0.406 0.565 0.540 1 1 1 1 0 0
0.577 1.000 0.413 1.000 0.201 0.623 0.454 0.324 0.610 0.370 0.215 0.132 0 0 0 0 0 0
0.409 1.000 0.654 1.000 0.262 0.682 0.454 0.527 0.585 0.584 0.504 0.620 0 0 0 0 0 0
0.577 0.000 0.814 1.000 0.262 0.317 0.696 0.501 0.585 0.761 0.000 0.224 0 0 0 0 0 0
0.577 1.000 0.654 1.000 0.262 0.358 0.549 0.501 0.368 0.518 0.215 0.132 1 0 0 0 0 0
0.577 1.000 0.654 0.186 0.000 0.547 0.623 0.527 0.610 0.560 0.504 0.540 0 0 0 0 0 0
0.409 0.000 0.226 1.000 0.262 0.623 0.623 0.673 0.325 0.354 0.504 0.826 1 1 1 1 1 0
0.246 1.000 0.654 1.000 0.262 0.637 0.597 0.372 0.390 0.537 0.428 0.466 0 0 0 0 0 0
0.000 1.000 0.158 1.000 0.262 0.697 0.412 0.414 0.390 0.354 0.705 0.466 1 1 1 1 0 0
0.409 1.000 0.538 1.000 0.262 0.752 0.526 0.457 0.585 0.387 0.338 0.466 0 0 0 0 0 0
0.577 1.000 0.413 0.000 0.262 0.377 0.433 0.673 0.956 0.499 0.215 0.224 1 1 0 0 0 0
0.246 1.000 0.814 1.000 0.262 0.237 0.394 0.372 0.435 0.795 0.215 0.308 0 0 0 0 0 0
0.000 0.000 0.654 1.000 0.262 0.697 0.433 0.553 0.519 0.243 0.565 0.224 0 0 0 0 0 0
0.246 1.000 0.814 0.186 0.262 0.337 0.670 0.553 0.412 0.479 0.428 0.308 1 1 0 0 0 0
0.000 1.000 0.654 1.000 0.262 0.492 0.433 0.300 0.610 0.689 0.215 0.388 1 1 1 0 0 0
0.409 1.000 0.814 1.000 0.262 0.397 0.696 0.553 0.345 0.664 0.428 0.826 1 1 1 1 0 0
0.000 1.000 0.814 1.000 0.262 0.769 0.270 0.501 0.610 0.537 0.428 0.224 0 0 0 0 0 0
0.246 1.000 0.814 0.186 0.294 0.666 0.207 0.457 0.498 0.560 0.338 0.000 1 1 0 0 0 0
0.246 1.000 1.000 1.000 0.262 0.608 0.573 0.457 0.498 0.689 0.565 0.540 0 0 0 0 0 0
0.577 1.000 0.814 1.000 0.262 0.547 0.355 0.349 0.498 0.636 0.338 0.224 0 0 0 0 0 0
0.000 1.000 0.654 1.000 0.262 0.492 0.454 0.578 0.478 0.537 0.215 0.388 1 1 0 0 0 0
0.246 1.000 0.654 1.000 0.262 0.263 0.647 0.501 0.709 0.689 0.338 0.466 0 0 0 0 0 0
0.000 1.000 0.654 1.000 0.262 0.445 0.476 0.436 0.636 0.479 0.705 0.826 1 1 0 0 0 0
0.577 1.000 0.654 1.000 0.262 0.397 0.501 0.602 0.542 0.664 0.504 0.388 1 0 0 0 0 0
0.000 1.000 0.654 1.000 0.262 0.666 0.526 0.414 0.542 0.560 0.338 0.388 0 0 0 0 0 0
0.409 1.000 0.654 1.000 0.262 0.608 0.597 0.602 0.345 0.609 0.428 0.466 1 1 0 0 0 0
0.409 1.000 0.814 1.000 0.405 0.902 0.573 0.278 0.456 0.711 0.428 0.308 1 1 0 0 0 0
0.246 1.000 0.814 1.000 0.262 0.637 0.549 0.436 0.244 0.460 0.504 0.540 1 1 0 0 0 0
0.577 1.000 0.413 1.000 0.262 0.445 0.433 0.527 0.519 0.441 0.809 0.308 1 1 1 0 0 0
0.577 1.000 0.814 1.000 0.262 0.561 0.377 0.553 0.585 0.387 0.338 0.308 0 0 0 0 0 0
0.000 1.000 0.654 1.000 0.262 0.649 0.670 0.372 0.636 0.584 0.215 0.224 1 1 1 1 0 0
0.000 0.000 0.654 1.000 0.262 0.787 0.597 0.731 0.368 0.424 0.428 0.540 1 1 1 0 0 0
0.409 0.000 0.814 1.000 0.262 0.666 0.377 0.501 0.456 0.499 0.428 0.466 1 0 0 0 0 0
0.409 1.000 1.000 1.000 0.262 0.462 0.623 0.501 0.368 0.880 0.338 0.388 1 0 0 0 0 0
0.409 1.000 0.538 0.309 0.262 0.547 0.670 0.349 0.244 0.441 0.565 0.711 0 0 0 0 0 0
0.000 1.000 0.814 1.000 0.262 0.263 0.796 0.501 0.661 0.761 0.504 0.711 0 0 0 0 0 0
0.409 0.000 0.538 1.000 0.262 0.697 0.312 0.258 0.345 0.406 0.809 0.540 1 1 1 0 0 0
0.783 1.000 0.413 0.000 0.262 0.377 0.647 0.602 0.412 0.441 0.565 0.466 1 1 1 1 0 0
0.409 1.000 0.654 1.000 0.262 0.830 0.270 0.234 0.585 0.243 0.338 0.132 1 1 0 0 0 0
0.409 0.000 0.158 1.000 0.262 0.237 0.623 0.278 0.435 0.664 0.428 0.540 0 0 0 0 0 0
0.246 1.000 0.814 1.000 0.405 0.637 0.549 0.553 0.585 0.636 0.338 0.388 0 0 0 0 0 0
0.246 1.000 0.654 1.000 0.262 0.666 0.623 0.414 0.686 0.479 0.338 0.466 1 1 0 0 0 0
0.577 1.000 0.814 1.000 0.262 0.666 0.476 0.578 0.661 0.711 0.215 0.132 1 0 0 0 0 0
0.000 1.000 0.814 1.000 0.262 0.492 0.623 0.625 0.519 0.609 0.428 0.466 1 1 0 0 0 0
0.409 1.000 0.413 1.000 0.262 0.337 0.501 0.349 0.498 0.223 0.809 0.466 1 1 0 0 0 0
0.000 0.000 0.413 1.000 0.262 0.377 0.742 0.602 0.456 0.406 0.630 0.711 1 1 1 1 1 0
0.409 1.000 0.538 1.000 0.262 0.561 0.696 0.798 0.456 0.636 0.565 0.540 0 0 0 0 0 0
0.000 1.000 0.413 0.000 0.262 0.608 0.501 0.436 0.563 0.441 0.428 0.826 1 1 1 1 0 0
0.246 0.000 0.654 1.000 0.262 0.478 0.526 0.479 0.325 0.609 0.705 0.620 1 0 0 0 0 0
0.000 0.000 0.538 1.000 0.262 0.623 0.412 0.731 0.345 0.460 0.565 0.620 1 1 1 1 0 0
0.000 0.000 0.413 1.000 0.262 0.561 0.549 0.479 0.610 0.243 0.504 0.711 1 1 1 1 1 1
0.246 1.000 0.158 1.000 0.262 0.445 0.742 0.602 0.636 0.518 0.428 0.540 1 1 1 1 1 1
0.783 1.000 0.413 0.000 0.262 0.317 0.476 0.578 0.368 0.560 0.565 0.540 1 1 1 1 1 1
0.409 0.000 0.000 1.000 0.262 0.428 0.501 0.436 0.412 0.584 0.428 0.620 1 1 1 1 1 1
0.409 1.000 0.654 1.000 0.262 0.576 0.433 0.479 0.266 0.735 0.428 0.308 1 0 0 0 0 0
0.409 1.000 0.538 0.000 0.262 0.105 0.647 0.553 0.563 0.795 0.338 0.466 1 1 1 1 1 1
0.246 0.000 0.538 0.186 0.294 0.506 0.647 0.527 0.585 0.584 0.504 0.711 1 1 1 1 1 0
0.409 0.000 0.158 1.000 0.262 0.462 0.412 0.436 0.325 0.406 0.705 0.711 1 1 1 1 1 0
0.577 0.000 0.538 0.186 0.262 0.561 0.526 0.457 0.306 0.560 0.428 0.711 1 0 0 0 0 0
0.000 0.000 0.158 1.000 0.262 0.301 0.623 0.647 0.636 0.636 0.565 0.826 1 1 1 1 1 0
0.783 1.000 0.538 0.535 0.262 0.462 0.433 0.479 0.390 0.584 0.630 0.826 1 1 1 1 0 0
0.577 1.000 0.538 0.000 0.262 0.520 0.526 0.436 0.563 0.537 0.428 0.388 1 1 1 1 1 1
0.000 0.000 0.413 1.000 0.262 0.592 0.476 0.578 0.498 0.370 0.565 0.620 1 1 1 1 1 1
0.577 1.000 0.814 1.000 0.262 0.623 0.412 0.436 0.762 0.518 0.338 0.224 1 0 0 0 0 0
0.000 0.000 0.413 0.000 0.262 0.666 0.670 0.647 0.519 0.354 0.809 0.826 1 1 1 1 1 1
0.000 0.000 0.413 0.000 0.262 0.592 0.251 0.349 0.200 0.584 0.565 0.826 1 1 1 1 1 1
0.000 0.000 0.413 0.000 0.262 0.809 0.355 0.647 0.412 0.354 0.565 0.711 1 1 1 1 1 1
0.246 0.000 0.654 0.000 0.262 0.413 0.377 0.457 0.286 0.518 0.338 0.466 1 1 1 1 1 0
0.409 1.000 0.413 0.000 0.262 0.576 0.549 0.578 0.636 0.560 0.338 0.388 1 1 1 1 1 0
0.783 1.000 0.814 0.000 0.262 0.140 0.670 0.835 0.686 0.354 0.338 0.388 1 1 1 1 1 1
0.000 0.000 0.654 1.000 0.262 0.445 0.501 0.349 0.709 0.387 0.428 0.826 1 1 1 1 0 0
0.577 0.000 0.413 0.000 0.262 0.506 0.501 0.673 0.794 0.479 0.338 0.540 1 1 1 0 0 0
0.246 0.000 0.654 1.000 0.262 0.263 0.696 0.731 0.519 0.664 0.565 1.000 1 1 1 1 1 1
0.783 1.000 0.538 0.535 0.262 0.697 0.377 0.300 0.661 0.281 0.809 0.466 1 1 1 1 1 0
0.246 0.000 0.413 1.000 0.262 0.377 0.647 0.673 0.519 0.406 0.504 1.000 1 1 1 1 1 1
0.246 0.000 0.654 1.000 0.262 0.413 0.549 0.436 0.686 0.584 0.565 0.826 1 1 1 1 1 0
0.409 0.000 0.654 1.000 0.262 0.337 0.526 0.501 0.456 0.441 0.428 0.388 1 1 1 1 1 1
0.246 1.000 0.814 1.000 0.262 0.809 0.454 0.479 0.266 0.406 0.504 0.540 1 1 1 1 1 1
0.246 1.000 0.000 0.000 0.262 0.478 0.597 0.414 0.368 0.537 0.705 0.466 1 1 1 0 0 0
0.409 1.000 0.814 1.000 0.262 0.534 0.476 0.457 0.610 0.460 0.630 0.826 1 1 0 0 0 0
0.577 1.000 0.413 0.000 0.262 0.666 0.526 0.501 0.412 0.354 0.705 0.826 1 1 1 1 1 1
0.577 0.000 0.538 0.510 0.262 0.377 0.696 0.479 0.412 0.609 0.338 0.540 1 1 1 1 1 1
0.246 1.000 0.654 1.000 0.262 0.506 0.670 0.673 0.519 0.499 0.565 0.540 1 1 1 0 0 0
0.783 0.000 0.814 1.000 0.262 0.413 0.355 0.647 0.368 0.584 0.215 0.308 0 0 0 0 0 0
0.000 0.000 0.273 1.000 0.262 0.592 0.290 0.457 0.709 0.243 0.705 0.620 1 1 1 1 1 0
0.409 0.000 0.814 1.000 0.262 0.377 0.597 0.501 0.306 0.537 0.630 0.620 1 1 0 0 0 0
0.409 1.000 0.814 1.000 0.262 0.492 0.573 0.479 0.542 0.735 0.338 0.132 1 0 0 0 0 0
0.577 1.000 0.814 1.000 0.262 0.462 0.501 0.457 0.456 0.300 0.809 0.388 1 0 0 0 0 0
0.409 1.000 1.000 1.000 0.262 0.520 0.501 0.324 0.498 0.537 0.215 0.466 1 0 0 0 0 0
0.409 1.000 0.538 1.000 0.262 0.462 0.412 0.436 0.368 0.537 0.338 0.132 1 1 0 0 0 0
0.409 0.000 0.654 1.000 0.262 0.506 0.433 0.393 0.435 0.560 0.428 0.466 1 1 0 0 0 0
0.409 0.000 1.000 1.000 0.262 0.263 0.355 0.278 0.762 0.584 0.000 0.308 1 1 1 1 1 0
0.246 1.000 1.000 1.000 0.262 0.697 0.333 0.324 0.733 0.537 0.215 0.132 1 1 1 0 0 0
0.577 1.000 1.000 1.000 0.294 0.445 0.573 0.625 0.542 0.479 0.428 0.000 0 0 0 0 0 0
0.409 1.000 1.000 1.000 0.262 0.592 0.454 0.798 0.542 0.664 0.215 0.000 1 1 0 0 0 0
0.000 1.000 0.654 1.000 0.262 0.576 0.476 0.479 0.822 0.664 0.215 0.388 0 0 0 0 0 0
0.000 1.000 0.654 1.000 0.262 0.697 0.433 0.324 0.368 0.609 0.215 0.000 1 1 0 0 0 0
0.246 1.000 0.814 1.000 0.262 0.413 0.766 0.602 0.519 0.537 0.338 0.540 1 1 1 0 0 0
0.409 1.000 1.000 1.000 0.262 0.697 0.526 0.527 0.345 0.406 0.428 0.826 1 1 1 1 1 0
0.409 0.000 0.654 1.000 0.262 0.397 0.454 0.501 0.661 0.424 0.338 0.540 1 1 1 0 0 0
0.577 1.000 0.654 1.000 0.262 0.413 0.549 0.457 0.563 0.499 0.504 0.466 1 0 0 0 0 0
0.409 1.000 0.538 0.535 0.262 0.462 0.526 0.372 0.610 0.560 0.215 0.224 0 0 0 0 0 0
0.000 1.000 0.654 1.000 0.262 0.478 0.412 0.300 0.478 0.735 0.338 0.540 0 0 0 0 0 0
0.246 0.000 0.158 1.000 0.262 0.478 0.766 0.673 0.686 0.560 0.565 1.000 1 1 1 1 1 1
0.577 0.000 0.654 1.000 0.262 0.492 0.394 0.602 0.519 0.479 0.428 0.388 1 0 0 0 0 0
0.409 0.000 0.814 1.000 0.262 0.413 0.647 0.673 0.822 0.761 0.428 0.620 1 0 0 0 0 0
0.246 1.000 0.814 1.000 0.000 0.358 0.597 0.479 0.686 0.689 0.338 0.620 1 1 1 1 0 0
0.246 0.000 0.413 1.000 0.262 0.547 0.454 0.258 0.585 0.406 0.428 0.540 1 1 1 1 0 0
0.577 0.000 0.654 1.000 0.262 0.520 0.454 0.479 0.390 0.441 0.705 0.388 1 0 0 0 0 0
0.000 1.000 0.654 1.000 0.262 0.445 0.476 0.479 0.478 0.609 0.428 0.388 0 0 0 0 0 0
0.000 0.000 0.413 0.000 0.262 0.301 0.722 0.702 0.266 0.636 0.338 0.620 1 1 1 1 1 0
0.409 1.000 0.814 0.000 0.262 0.682 0.526 0.702 0.794 0.354 0.705 1.000 1 1 1 1 1 1
0.246 1.000 0.654 1.000 0.262 0.492 0.623 0.324 0.498 0.795 0.504 0.224 1 1 0 0 0 0
0.577 1.000 0.814 1.000 0.262 0.445 0.825 0.927 0.733 0.518 0.705 0.620 1 1 1 1 1 0
0.246 0.000 0.814 1.000 0.262 0.608 0.573 0.602 0.585 0.354 0.504 0.224 1 1 0 0 0 0
0.000 0.000 0.413 0.309 0.262 0.666 0.696 0.731 0.412 0.354 0.504 0.620 1 1 1 1 1 1
0.000 0.000 0.413 0.000 0.262 0.413 0.597 0.527 0.519 0.499 0.705 0.620 1 1 1 0 0 0
0.409 1.000 0.158 1.000 0.262 0.462 0.647 0.414 0.563 0.664 0.338 0.308 1 0 0 0 0 0
0.246 0.000 0.814 0.186 0.405 0.445 0.766 0.457 0.478 0.354 0.565 0.711 1 1 1 1 0 0
0.577 0.000 0.413 0.535 0.262 0.697 0.412 0.578 0.325 0.336 0.705 0.620 1 1 1 1 1 1
0.577 0.000 0.538 1.000 0.262 0.682 0.290 0.763 0.435 0.300 0.809 1.000 1 1 1 1 0 0
0.000 0.000 0.814 1.000 0.262 0.608 0.526 0.602 0.456 0.424 0.630 0.540 1 1 1 0 0 0
0.246 0.000 1.000 0.510 0.262 0.397 0.722 0.835 0.368 0.441 0.705 0.620 1 1 1 1 1 1
0.246 1.000 0.814 1.000 0.000 0.317 0.573 0.527 0.661 0.518 0.215 0.132 0 0 0 0 0 0
0.000 1.000 0.654 1.000 0.262 0.478 0.333 0.414 0.478 0.711 0.215 0.308 1 1 0 0 0 0
0.246 1.000 0.654 1.000 0.262 0.520 0.526 0.578 0.794 0.761 0.565 0.224 1 1 0 0 0 0
0.246 1.000 1.000 1.000 0.262 0.697 0.312 0.479 0.306 0.300 0.428 0.388 1 1 1 0 0 0
0.000 0.000 0.654 1.000 0.262 0.462 0.433 0.625 0.542 0.424 0.565 0.711 1 1 1 0 0 0
0.246 1.000 1.000 1.000 0.262 0.682 0.433 0.553 0.542 0.460 0.338 0.466 1 1 0 0 0 0
0.000 0.000 0.273 1.000 0.262 0.210 0.454 0.553 0.478 0.370 0.630 0.620 1 1 1 1 1 1
0.409 0.000 0.413 1.000 0.262 0.649 0.394 0.731 0.456 0.537 0.428 0.540 1 1 1 1 1 0
0.577 0.000 0.654 1.000 0.262 0.263 0.825 0.553 0.542 0.441 0.504 0.466 1 1 0 0 0 0
0.246 0.000 0.413 1.000 0.262 0.428 0.647 0.602 0.456 0.479 0.504 0.711 1 1 1 1 1 1
0.000 0.000 0.538 1.000 0.262 0.462 0.526 0.457 0.390 0.441 0.000 0.388 1 1 1 1 1 0
0.409 0.000 0.538 1.000 0.262 0.445 0.623 0.527 0.412 0.518 0.630 0.826 1 1 1 1 1 1
0.000 0.000 0.654 1.000 0.262 0.478 0.501 0.763 0.610 0.636 0.565 0.466 1 1 1 1 1 1
0.000 1.000 0.413 1.000 0.262 0.697 0.670 0.602 0.585 0.636 0.338 0.540 1 1 0 0 0 0
0.000 1.000 0.814 1.000 0.201 0.637 0.394 0.436 0.412 0.354 0.338 0.711 0 0 0 0 0 0
0.409 0.000 0.538 1.000 0.262 0.506 0.454 0.414 0.390 0.387 0.504 0.826 1 1 1 1 1 1
0.000 0.000 0.538 1.000 0.262 0.547 0.501 0.258 0.478 0.537 0.630 0.711 1 1 1 1 1 1
0.246 0.000 0.654 1.000 0.262 0.592 0.454 0.602 0.412 0.406 0.428 0.466 1 1 1 0 0 0
0.000 0.000 0.413 1.000 0.262 0.853 0.177 0.479 0.498 0.205 0.215 0.132 0 0 0 0 0 0
0.000 1.000 0.413 1.000 0.262 0.608 0.454 0.436 0.325 0.711 0.338 0.826 1 1 1 0 0 0
0.577 0.000 1.000 1.000 0.262 0.547 0.377 0.501 0.498 0.205 0.338 0.000 1 0 0 0 0 0
0.409 0.000 0.413 1.000 0.262 0.317 0.501 0.324 0.412 0.518 0.630 0.711 1 1 1 0 0 0
0.246 0.000 0.814 1.000 0.262 0.718 0.231 0.602 0.542 0.584 0.215 0.308 1 0 0 0 0 0
0.409 1.000 0.654 1.000 0.262 0.592 0.476 0.457 0.478 0.406 0.215 0.388 1 1 1 0 0 0
0.409 1.000 0.538 1.000 0.262 0.649 0.394 0.731 0.325 0.281 0.705 1.000 1 1 1 1 0 0
0.246 0.000 0.654 0.309 0.262 0.462 0.526 0.647 0.435 0.387 0.630 0.620 1 1 1 1 1 1
0.000 1.000 0.413 0.535 0.262 0.752 0.647 0.763 0.456 0.370 0.630 0.826 1 1 0 0 0 0
0.577 1.000 0.000 0.309 0.262 0.377 0.597 0.372 0.636 0.537 0.215 0.000 1 1 1 1 1 0
0.409 0.000 0.413 0.000 0.262 0.666 0.670 0.479 0.325 0.584 0.630 0.826 1 1 1 1 1 1
0.783 1.000 0.814 1.000 0.262 0.637 0.394 0.457 0.498 0.479 0.809 0.620 1 0 0 0 0 0
0.783 0.000 0.413 1.000 0.262 0.576 0.394 0.300 0.286 0.479 0.565 0.388 0 0 0 0 0 0
0.246 1.000 0.654 1.000 0.262 0.492 0.476 0.372 0.519 0.560 0.338 0.388 0 0 0 0 0 0
0.577 1.000 0.814 1.000 0.262 0.547 0.394 0.479 0.456 0.424 0.338 0.308 1 0 0 0 0 0
0.409 0.000 0.814 1.000 0.262 0.337 0.454 0.553 0.563 0.584 0.215 0.308 1 1 0 0 0 0
0.409 0.000 0.538 1.000 0.262 0.377 0.412 0.457 0.412 0.460 0.504 0.466 1 1 1 1 1 1
0.409 1.000 0.814 1.000 0.262 0.492 0.433 0.527 0.686 0.761 0.338 0.224 0 0 0 0 0 0
0.783 0.000 0.654 1.000 0.262 0.397 0.549 0.602 0.286 0.711 0.428 0.540 1 1 1 1 1 1
0.577 1.000 0.654 0.535 0.405 0.263 0.454 0.702 0.733 0.499 0.338 0.540 1 1 1 1 1 1
0.409 0.000 0.654 0.000 0.262 0.506 0.355 0.673 0.498 0.406 0.428 0.388 1 1 1 1 1 0
0.783 0.000 0.413 1.000 0.262 0.492 0.333 0.414 0.542 0.354 0.428 0.620 1 1 1 1 1 1
0.409 1.000 0.413 0.186 0.262 0.649 0.526 0.602 0.368 0.518 0.705 0.826 1 1 1 1 1 1
0.577 0.000 0.000 1.000 0.262 0.358 0.670 0.602 0.610 0.664 0.338 0.620 1 1 1 1 1 1
0.409 1.000 0.654 1.000 0.262 0.462 0.597 0.625 0.456 0.499 0.630 0.711 1 1 1 0 0 0
0.783 0.000 0.654 1.000 0.262 0.301 0.623 0.501 0.368 0.479 0.338 0.540 1 0 0 0 0 0
0.409 0.000 0.413 0.000 0.262 0.397 0.454 0.436 0.412 0.537 0.338 0.388 1 1 1 1 1 1
0.000 0.000 0.413 1.000 0.262 0.301 0.549 0.702 0.794 0.518 0.338 0.466 1 1 1 1 1 1
0.000 1.000 0.654 1.000 0.262 0.492 0.355 0.300 0.435 0.537 0.565 0.308 1 1 0 0 0 0
0.246 0.000 0.654 1.000 0.262 0.506 0.796 0.578 0.478 0.424 0.565 0.620 1 1 1 1 1 0
0.000 0.000 0.413 1.000 0.262 0.576 0.412 0.457 0.610 0.664 0.215 0.388 1 1 1 0 0 0
0.000 0.000 0.538 1.000 0.262 0.377 0.454 0.414 0.585 0.560 0.338 0.132 1 1 1 1 0 0
0.000 0.000 0.654 1.000 0.262 0.649 0.526 0.625 0.412 0.318 0.504 0.826 1 1 1 1 1 1
0.000 0.000 0.413 0.000 0.262 0.428 0.476 0.393 0.661 0.560 0.215 0.308 1 1 1 1 1 1
0.246 1.000 0.814 1.000 0.262 0.592 0.549 0.647 0.519 0.664 0.428 0.388 1 1 1 0 0 0
0.000 0.000 0.654 0.000 0.262 0.592 0.623 0.673 0.762 0.499 0.630 0.711 1 1 1 1 1 1
0.000 0.000 0.538 1.000 0.262 0.623 0.670 0.602 0.345 0.460 0.630 1.000 1 1 1 1 1 0
0.000 1.000 0.413 0.000 0.262 0.608 0.573 0.702 0.762 0.537 0.428 0.620 1 1 1 1 1 1
0.000 0.000 0.413 1.000 0.262 0.506 0.270 0.324 0.412 0.243 0.705 0.308 1 1 1 1 1 1
0.409 0.000 0.654 0.000 0.262 0.397 0.377 0.479 0.519 0.537 0.338 0.308 1 1 1 1 1 1
0.000 0.000 0.158 0.186 0.262 0.506 0.312 0.414 0.412 0.460 0.809 0.826 1 1 1 1 1 1
0.783 0.000 0.654 1.000 0.262 0.462 0.355 0.414 0.435 0.441 0.565 0.620 1 1 0 0 0 0
0.409 0.000 0.413 1.000 0.262 0.697 0.623 0.673 0.478 0.664 0.630 0.711 1 1 1 1 1 1
0.409 1.000 0.538 1.000 0.262 0.752 0.394 0.578 0.610 0.518 0.338 0.308 1 1 1 1 1 1
0.783 0.000 0.538 1.000 0.262 0.506 0.454 0.527 0.412 0.441 0.215 0.224 1 1 1 1 1 1
0.246 1.000 0.654 1.000 0.262 0.377 0.722 0.578 0.636 0.584 0.504 0.388 1 1 0 0 0 0
0.409 1.000 0.413 1.000 0.262 0.682 0.412 0.647 0.610 0.441 0.504 0.466 1 1 1 1 1 1
0.246 1.000 0.814 1.000 0.262 0.561 0.597 0.647 0.733 0.537 0.428 1.000 1 1 1 1 1 0
0.000 0.000 0.538 1.000 0.262 0.853 0.355 0.647 0.325 0.424 0.338 0.388 1 1 1 1 0 0
0.246 1.000 0.814 1.000 0.294 0.561 0.597 0.436 0.519 0.479 0.504 0.466 0 0 0 0 0 0
0.000 0.000 0.413 0.535 0.262 0.301 0.526 0.647 0.456 0.281 0.504 0.540 1 1 1 0 0 0
0.246 1.000 0.158 0.309 0.262 0.428 0.549 0.553 0.412 0.518 0.705 0.711 1 1 1 1 1 1
0.409 1.000 0.654 1.000 0.262 0.623 0.501 0.372 0.498 0.499 0.428 0.224 1 0 0 0 0 0
0.000 0.000 0.413 1.000 0.262 0.397 0.696 0.479 0.478 0.424 0.504 0.620 1 1 1 1 1 0
0.000 1.000 0.654 1.000 0.262 0.697 0.597 0.647 0.478 0.499 0.338 0.466 1 1 1 1 1 0
0.409 0.000 0.158 1.000 0.409 0.608 0.526 0.578 0.456 0.460 0.428 0.388 1 1 1 1 1 1
0.000 0.000 0.413 1.000 0.262 0.623 0.670 0.763 0.286 0.243 0.630 0.711 1 1 1 1 1 1
0.246 1.000 0.654 1.000 0.262 0.547 0.825 0.927 0.733 0.406 0.705 0.826 1 1 1 1 1 0
0.246 0.000 0.654 1.000 0.262 0.445 0.231 0.067 0.286 0.336 0.215 0.540 1 1 1 0 0 0
0.246 0.000 0.654 1.000 0.262 0.358 0.766 0.527 0.519 0.837 0.565 0.826 1 1 0 0 0 0
0.000 1.000 0.273 0.186 0.262 0.697 0.526 0.763 0.686 0.584 0.338 0.620 1 1 1 1 1 1
0.246 0.000 0.814 0.186 0.262 0.506 0.290 0.602 0.435 0.424 0.504 0.711 1 1 1 1 1 1
0.409 0.000 0.413 1.000 0.262 0.317 0.526 0.625 0.686 0.406 0.630 0.540 1 1 1 1 1 1
0.577 1.000 0.814 1.000 0.262 0.637 0.454 0.578 0.610 0.735 0.565 0.620 1 0 0 0 0 0
0.409 1.000 0.654 1.000 0.262 0.608 0.526 0.414 0.368 0.370 0.215 0.224 1 0 0 0 0 0
0.246 0.000 0.158 1.000 0.262 0.462 0.501 0.436 0.368 0.609 0.565 0.620 1 1 1 1 1 1
0.577 0.000 0.413 1.000 0.262 0.377 0.526 0.527 0.585 0.281 0.705 0.466 0 0 0 0 0 0
0.246 1.000 0.158 1.000 0.262 0.623 0.549 0.349 0.563 0.441 0.338 0.466 0 0 0 0 0 0
0.246 1.000 0.814 1.000 0.262 0.506 0.573 0.602 0.542 0.560 0.338 0.466 1 1 1 1 1 1
0.409 1.000 0.158 1.000 0.262 0.576 0.412 0.300 0.498 0.243 0.504 0.466 1 1 1 1 1 1
0.409 1.000 1.000 1.000 0.262 0.263 0.647 0.372 0.733 0.795 0.428 0.388 0 0 0 0 0 0
0.409 0.000 0.814 1.000 0.262 0.492 0.501 0.527 0.661 0.479 0.428 0.620 1 1 0 0 0 0
0.246 1.000 0.538 1.000 0.262 0.166 0.722 0.234 0.661 0.689 0.428 0.308 1 1 1 0 0 0
0.246 0.000 0.413 0.186 0.262 0.752 0.454 0.702 0.709 0.243 0.809 0.540 1 1 1 1 1 0
0.246 1.000 0.814 1.000 0.262 0.576 0.670 0.436 0.686 0.560 0.504 0.620 1 1 0 0 0 0
0.246 0.000 1.000 1.000 0.262 0.377 0.573 0.763 0.661 0.424 0.504 0.540 1 1 1 1 1 0
0.000 0.000 0.413 0.000 0.262 0.301 0.742 0.798 0.610 0.880 0.338 0.224 1 1 0 0 0 0
0.000 1.000 0.814 1.000 0.409 0.608 0.549 0.436 0.519 0.609 0.428 0.466 1 1 0 0 0 0
0.000 1.000 0.413 0.510 0.262 0.853 0.433 0.501 0.610 0.185 0.705 0.620 1 1 1 1 1 1
0.000 0.000 0.413 0.000 0.262 0.576 0.597 0.527 0.478 0.460 0.565 0.826 1 1 1 1 1 1
0.000 0.000 1.000 1.000 0.262 0.105 0.766 0.625 0.661 0.537 0.338 0.620 1 1 1 0 0 0
0.246 0.000 0.654 0.535 0.262 0.520 0.355 0.393 0.435 0.406 0.504 0.826 1 1 1 0 0 0
0.000 0.000 0.413 0.000 0.262 0.769 0.549 0.349 0.435 0.150 1.000 0.466 1 1 1 1 1 1
0.246 1.000 0.654 0.309 0.262 0.317 0.623 0.763 0.661 0.518 0.428 0.620 1 1 1 1 1 1
0.000 1.000 0.654 1.000 0.262 0.682 0.623 0.625 0.636 0.281 0.630 0.308 1 1 1 0 0 0
0.000 0.000 0.158 1.000 0.262 0.576 0.355 0.702 0.585 0.354 0.565 0.711 1 1 1 1 1 0
0.000 0.000 0.413 0.000 0.262 0.608 0.526 0.879 0.610 0.499 0.504 0.826 1 1 1 1 1 1
0.000 0.000 0.413 0.000 0.262 0.666 0.377 0.578 0.822 0.406 0.565 0.540 1 0 0 0 0 0
0.246 0.000 0.814 0.066 0.262 0.637 0.394 0.553 0.390 0.460 0.338 0.540 1 1 1 1 1 1
0.000 1.000 0.538 0.000 0.405 0.462 0.597 0.553 0.456 0.609 0.705 0.388 1 1 1 1 1 1
0.246 0.000 0.654 0.309 0.262 0.666 0.526 0.625 0.563 0.609 0.215 0.711 1 1 0 0 0 0
0.000 0.000 0.413 0.000 0.262 0.608 0.251 0.324 0.498 0.370 0.809 0.826 1 1 1 0 0 0
0.000 1.000 0.814 1.000 0.201 0.592 0.290 0.234 0.636 0.537 0.565 0.308 0 0 0 0 0 0
0.577 0.000 0.654 1.000 0.262 0.697 0.290 0.457 0.412 0.243 0.504 0.620 1 1 1 1 1 1
0.577 1.000 0.538 0.535 0.262 0.666 0.312 0.479 0.456 0.424 0.428 0.466 1 1 1 1 1 1
0.000 0.000 0.273 0.186 0.262 0.337 0.433 0.625 0.542 0.499 0.338 0.466 1 1 1 1 0 0
0.000 1.000 0.413 0.186 0.262 0.263 0.573 0.673 0.456 0.243 0.504 0.620 1 1 1 1 1 1
0.246 0.000 0.413 0.000 0.262 0.534 0.433 0.393 0.456 0.499 0.338 0.132 1 1 1 1 1 0
0.000 0.000 0.413 0.000 0.409 0.592 0.597 0.647 0.412 0.424 0.504 0.540 1 1 1 1 1 1
0.000 0.000 0.413 0.535 0.262 0.809 0.501 0.879 0.435 0.406 0.630 0.711 1 1 1 1 1 1
0.577 0.000 0.273 1.000 0.262 0.185 0.670 0.479 0.585 0.441 0.504 0.388 1 1 1 1 1 1
0.000 1.000 0.538 0.000 0.262 0.666 0.177 0.501 0.563 0.499 0.215 0.308 1 1 1 0 0 0
0.409 0.000 0.538 0.000 0.262 0.666 0.355 0.393 0.306 0.387 0.504 0.711 1 1 1 1 1 0
0.000 0.000 0.413 0.000 0.405 0.682 0.312 0.578 0.498 0.336 0.809 1.000 1 1 1 1 0 0
0.000 1.000 0.413 0.000 0.262 0.637 0.433 0.673 0.563 0.424 0.565 0.826 1 1 1 1 1 1
0.000 1.000 0.413 0.000 0.262 0.478 0.573 0.673 0.498 0.664 0.428 0.826 1 1 1 0 0 0
0.000 0.000 0.814 0.000 0.262 0.718 0.377 0.673 0.498 0.537 0.428 0.711 1 1 1 1 1 0
0.000 0.000 0.538 0.186 0.262 0.428 0.501 0.553 0.456 0.263 0.630 0.711 1 1 1 1 1 1
0.409 0.000 0.538 0.186 0.262 0.637 0.412 0.553 0.390 0.518 0.705 0.540 1 1 0 0 0 0
0.000 0.000 0.538 1.000 0.262 0.263 0.696 0.436 0.412 0.336 0.809 0.711 0 0 0 0 0 0
0.000 0.000 0.413 1.000 0.262 0.210 0.526 0.647 0.519 0.609 0.504 0.826 1 1 1 1 1 0
0.000 0.000 0.654 0.309 0.262 0.492 0.433 0.673 0.412 0.387 0.705 0.711 1 1 1 1 1 0
0.000 0.000 0.413 0.000 0.262 0.608 0.476 0.625 0.266 0.479 0.705 1.000 1 1 1 0 0 0
0.000 0.000 0.413 0.186 0.262 0.637 0.597 0.578 0.345 0.300 0.338 0.466 1 1 1 1 1 0
0.246 0.000 0.413 1.000 0.262 0.520 0.825 0.479 0.412 0.499 0.705 0.540 0 0 0 0 0 0
0.246 0.000 0.654 1.000 0.262 0.506 0.412 0.731 0.686 0.424 0.504 0.711 1 1 1 1 1 1
0.000 0.000 0.413 0.000 0.262 0.682 0.412 0.479 0.412 0.664 0.338 0.466 1 1 1 1 1 1
0.000 0.000 0.413 0.000 0.262 0.576 0.355 0.479 0.563 0.479 0.428 0.711 1 1 1 1 1 1
0.000 1.000 0.654 1.000 0.262 0.428 0.623 0.602 0.585 0.689 0.338 0.711 1 1 1 1 1 0
0.246 1.000 0.413 0.000 0.262 0.534 0.670 0.647 0.456 0.609 0.428 0.826 1 1 1 1 0 0
0.409 1.000 0.413 1.000 0.262 0.697 0.597 0.763 0.563 0.406 0.809 0.388 1 1 1 1 1 1
0.000 0.000 0.413 0.535 0.262 0.337 0.526 0.527 0.563 0.795 0.428 0.466 1 1 1 1 0 0
0.246 0.000 0.413 0.000 0.262 0.592 0.433 0.501 0.585 0.354 0.565 0.620 1 1 1 1 1 1
0.000 0.000 0.273 0.510 0.262 0.445 0.549 0.553 0.390 0.406 0.630 0.826 1 1 1 1 1 0
0.577 1.000 0.654 0.000 0.262 0.534 0.355 0.372 0.610 0.460 0.215 0.826 1 1 1 1 0 0
0.246 0.000 0.413 0.000 0.262 0.592 0.333 0.457 0.636 0.499 0.428 0.540 1 1 0 0 0 0
0.000 1.000 0.654 0.535 0.262 0.809 0.270 0.763 0.244 0.560 0.565 0.540 1 1 0 0 0 0
0.246 0.000 0.413 0.000 0.262 0.478 0.526 0.479 0.435 0.370 0.705 0.711 1 1 1 0 0 0
0.000 0.000 0.226 0.309 0.262 0.462 0.623 0.647 0.585 0.370 0.809 0.826 1 1 1 1 1 1
0.000 1.000 0.413 0.000 0.262 0.666 0.623 0.702 0.345 0.424 0.630 0.826 1 1 1 0 0 0
0.000 0.000 0.654 0.000 0.262 0.576 0.207 0.372 0.610 0.281 0.215 0.308 1 1 1 0 0 0
0.000 0.000 0.538 1.000 0.262 0.263 0.377 0.324 0.762 0.479 0.428 0.308 1 1 1 1 0 0
0.000 0.000 0.273 0.000 0.262 0.263 0.623 0.702 0.368 0.441 0.338 0.540 1 1 1 1 0 0
0.577 1.000 0.654 0.000 0.262 0.697 0.766 0.673 0.222 0.263 0.630 0.826 1 1 1 0 0 0
0.000 0.000 0.413 0.000 0.262 0.682 0.394 0.527 0.306 0.370 0.705 0.826 1 1 1 1 1 0
0.246 0.000 0.654 0.000 0.262 0.592 0.412 0.647 0.266 0.560 0.428 0.620 1 1 0 0 0 0
0.000 0.000 0.413 1.000 0.262 0.413 0.501 0.457 0.368 0.537 0.565 1.000 1 1 1 1 1 1
0.000 0.000 0.413 0.535 0.262 0.880 0.549 0.578 0.368 0.354 0.809 0.826 1 1 1 1 1 0
0.000 1.000 0.413 0.000 0.262 0.534 0.355 0.527 0.563 0.609 0.428 0.388 1 1 1 1 1 0
0.577 0.000 1.000 0.309 0.262 0.608 0.526 0.673 0.855 0.537 0.338 0.620 1 1 1 1 1 0
0.246 1.000 0.814 1.000 0.262 0.752 0.377 0.527 0.456 0.336 0.504 0.620 1 1 1 1 1 1
0.000 0.000 0.413 0.309 0.201 0.413 0.766 0.647 0.519 0.560 0.630 1.000 1 1 1 1 0 0
0.000 1.000 0.654 0.000 0.262 0.462 0.549 0.501 0.478 0.518 0.630 0.826 1 1 0 0 0 0
0.000 0.000 0.413 1.000 0.262 0.506 0.670 0.647 0.435 0.560 0.428 0.826 0 0 0 0 0 0
0.000 0.000 0.413 0.000 0.262 0.506 0.526 0.647 0.542 0.441 0.630 0.826 1 1 1 1 1 1
0.000 0.000 0.413 0.186 1.000 0.520 0.454 0.501 0.200 0.205 0.705 0.826 1 1 1 1 1 1
0.000 0.000 0.654 0.309 0.262 0.608 0.177 0.067 0.636 0.300 0.338 0.224 1 1 1 1 1 0
0.000 0.000 0.654 0.000 0.262 0.592 0.597 0.553 0.345 0.689 0.428 0.620 1 1 1 1 1 1
0.000 0.000 0.413 0.000 0.262 0.534 0.722 0.731 0.325 0.387 0.565 0.711 1 1 1 1 1 1
0.000 0.000 0.654 0.186 0.262 0.377 0.573 0.527 0.390 0.441 0.504 0.620 1 1 1 0 0 0
0.246 1.000 1.000 0.309 0.262 0.769 0.573 0.702 0.585 0.518 0.215 0.711 1 1 1 0 0 0
0.000 0.000 0.413 0.000 0.262 0.534 0.597 0.835 0.686 0.460 0.215 0.620 1 1 1 1 0 0
0.000 0.000 0.538 1.000 0.262 0.561 0.433 0.414 0.636 0.479 0.504 0.466 1 1 1 1 1 0
0.000 0.000 0.413 0.000 0.262 0.649 0.377 0.553 0.585 0.479 0.428 0.711 1 1 1 0 0 0
0.246 1.000 0.814 0.000 0.262 0.534 0.355 0.763 0.519 0.584 0.565 1.000 1 1 1 1 1 1
0.577 1.000 1.000 0.000 0.262 0.520 0.526 0.527 0.390 0.387 0.630 0.711 1 0 0 0 0 0
0.246 1.000 0.814 0.000 0.262 0.637 0.394 0.527 0.456 0.584 0.428 0.308 0 0 0 0 0 0
0.000 0.000 0.654 0.000 0.262 0.592 0.355 0.457 0.478 0.479 0.428 0.540 1 1 1 1 1 1
0.000 0.000 0.654 0.309 0.262 0.263 0.526 0.527 0.456 0.281 0.504 0.540 1 1 1 1 0 0
0.577 0.000 0.814 0.000 0.262 0.462 0.549 0.553 0.325 0.537 0.504 0.620 1 1 0 0 0 0
0.000 0.000 0.413 0.309 0.262 0.263 0.766 0.625 0.563 0.636 0.705 0.540 1 1 1 1 0 0
0.000 0.000 0.273 1.000 0.262 0.623 0.501 0.879 0.519 0.281 0.705 0.711 1 1 1 0 0 0
0.246 0.000 0.654 0.000 0.262 0.547 0.290 0.625 0.098 0.499 0.630 0.826 1 1 1 1 1 0
0.000 0.000 0.413 0.000 0.262 0.428 0.476 0.673 0.435 0.318 0.809 0.711 1 1 1 1 1 1
0.000 0.000 0.413 0.000 0.262 0.413 0.501 0.578 0.762 0.689 0.428 0.388 1 1 1 1 1 1
0.246 1.000 0.413 0.000 0.262 0.592 0.433 0.553 0.345 0.460 0.215 0.540 1 1 1 0 0 0
0.000 1.000 0.413 0.000 0.262 0.561 0.623 0.702 0.661 0.424 0.504 0.620 1 1 1 1 0 0
0.409 0.000 0.413 0.000 0.262 0.649 0.251 0.300 0.478 0.537 0.215 0.132 1 1 0 0 0 0
0.000 1.000 0.538 0.535 0.262 0.592 0.433 0.278 0.661 0.406 0.504 0.388 1 1 0 0 0 0
0.246 0.000 0.654 0.000 0.262 0.608 0.433 0.578 0.222 0.370 0.565 0.711 1 1 1 0 0 0
0.000 0.000 0.273 0.000 0.262 0.592 0.597 0.702 0.345 0.441 0.705 0.826 1 1 1 1 1 1
0.783 0.000 0.814 0.000 0.262 0.263 0.501 0.731 0.686 0.560 0.504 0.540 1 1 1 1 1 1
0.000 0.000 0.814 0.186 0.262 0.576 0.355 0.602 0.456 0.560 0.504 0.620 1 1 1 1 1 0
0.000 0.000 0.413 0.000 0.262 0.397 0.722 0.763 0.636 0.518 0.565 0.540 1 1 1 1 1 1
0.246 0.000 0.654 0.000 0.262 0.623 0.526 0.300 0.325 0.318 0.504 0.826 1 1 0 0 0 0
0.000 0.000 0.413 0.000 0.262 0.520 0.501 0.763 0.519 0.460 0.504 0.540 1 1 1 1 1 1
0.000 1.000 0.413 0.000 0.262 0.462 0.526 0.527 0.478 0.354 0.705 0.711 1 1 1 1 0 0
0.000 0.000 0.158 0.535 0.294 0.592 0.623 0.625 0.345 0.336 0.565 0.826 1 1 1 1 1 0
0.246 0.000 0.413 1.000 0.262 0.358 0.573 0.835 0.733 0.560 0.428 0.540 1 1 1 1 1 1
0.000 0.000 0.538 0.000 0.409 0.592 0.696 0.501 0.585 0.795 0.630 0.826 1 1 1 1 1 0
0.246 0.000 0.226 0.535 0.262 0.718 0.377 0.457 0.222 0.263 0.504 0.388 1 1 1 1 0 0
0.000 0.000 0.413 0.000 0.262 0.358 0.855 0.702 0.478 0.636 0.630 0.711 1 1 1 1 1 1
0.000 1.000 0.413 0.186 0.201 0.666 0.312 0.702 0.345 0.318 1.000 0.620 1 1 0 0 0 0
0.246 0.000 0.413 0.186 0.262 0.608 0.623 0.702 0.435 0.243 0.705 0.711 1 1 1 1 1 1
0.000 0.000 0.654 1.000 0.262 0.520 0.476 0.501 0.412 0.441 0.809 0.826 1 1 1 1 1 1
0.000 0.000 0.413 0.535 0.262 0.237 0.696 0.879 0.610 0.636 0.338 0.540 1 1 1 1 1 1
0.000 0.000 0.413 0.510 0.262 0.752 0.412 0.501 0.266 0.406 0.338 0.711 1 1 1 1 1 1
0.000 1.000 0.413 0.000 0.262 0.492 0.670 0.436 0.412 0.387 0.630 0.540 1 1 1 1 0 0
0.000 0.000 0.413 0.535 0.262 0.576 0.333 0.625 0.585 0.387 0.504 0.466 1 1 1 1 0 0
0.000 1.000 0.413 0.000 0.262 0.506 0.696 0.763 0.610 0.795 0.565 0.826 1 1 1 1 1 1
0.000 1.000 0.413 0.000 0.262 0.317 0.549 0.647 0.636 0.735 0.338 0.620 1 1 1 1 1 0
0.577 0.000 0.538 1.000 0.262 0.752 0.394 0.673 0.456 0.243 0.705 1.000 1 1 1 0 0 0
0.246 0.000 0.654 0.000 0.262 0.649 0.377 0.702 0.435 0.664 0.630 1.000 1 1 0 0 0 0
0.000 0.000 0.814 0.000 0.262 0.547 0.742 0.553 0.266 0.354 0.565 0.620 1 1 1 1 1 0
0.246 1.000 0.814 0.000 0.262 0.413 0.433 0.527 0.585 0.460 0.338 0.308 1 1 1 1 1 0
0.000 1.000 0.413 1.000 0.262 0.735 0.231 0.553 0.390 0.150 0.338 0.000 1 1 0 0 0 0
0.246 1.000 0.814 0.000 0.262 0.547 0.333 0.436 0.542 0.354 0.565 0.466 1 1 1 0 0 0
0.000 1.000 0.413 0.000 0.405 0.623 0.549 0.763 0.498 0.387 0.809 1.000 1 1 1 1 1 1
0.409 0.000 0.538 0.000 0.405 0.697 0.177 0.647 0.222 0.441 1.000 0.711 1 1 1 1 0 0
0.246 0.000 0.413 0.309 0.262 0.377 0.573 0.647 0.563 0.185 0.809 1.000 1 1 1 1 0 0
0.000 1.000 0.654 0.000 0.262 0.428 0.722 0.673 0.498 0.518 0.630 0.620 1 1 1 1 1 1
0.246 0.000 0.814 0.000 0.262 0.697 0.501 0.479 0.478 0.479 0.705 0.711 1 1 1 0 0 0
0.000 1.000 0.000 0.000 0.262 0.608 0.476 0.673 0.435 0.300 0.504 1.000 1 1 1 1 1 1
0.409 0.000 0.413 0.000 0.262 0.752 0.333 0.578 0.412 0.387 0.809 0.620 1 1 1 1 0 0
0.246 1.000 0.413 0.000 0.262 0.337 0.722 0.731 0.368 0.479 0.565 0.826 1 1 0 0 0 0
0.000 0.000 0.413 0.000 0.262 0.520 0.696 0.647 0.542 0.406 0.504 0.711 1 1 1 1 1 1
0.000 0.000 0.413 0.000 0.405 0.735 0.501 0.578 0.610 0.479 0.428 0.711 1 1 1 1 1 0
0.246 0.000 0.413 0.186 0.262 0.666 0.083 0.553 0.498 0.479 0.504 0.540 1 1 1 1 1 0
0.000 0.000 0.654 1.000 0.262 0.576 0.433 0.553 0.456 0.499 0.630 0.620 1 1 1 1 1 0
0.000 0.000 0.654 1.000 0.262 0.445 0.893 0.647 0.709 0.518 0.504 0.826 1 1 1 1 1 0
0.000 1.000 0.413 0.000 0.262 0.358 0.722 0.798 0.762 0.387 0.504 0.388 1 1 1 1 1 1
0.000 1.000 0.413 0.000 0.262 0.576 0.623 0.731 0.661 0.584 0.338 0.540 1 1 1 1 0 0
0.000 0.000 0.413 0.000 0.405 0.534 0.647 0.702 0.585 0.584 0.338 0.711 1 1 1 1 0 0
0.246 0.000 0.413 0.510 0.262 0.284 0.825 0.673 0.498 0.636 0.428 0.620 1 1 1 1 1 0
0.246 0.000 0.413 0.186 0.262 0.534 0.433 0.234 0.160 0.479 0.565 0.711 1 1 0 0 0 0
0.246 0.000 0.413 0.000 0.262 0.666 0.270 0.578 0.066 0.281 0.705 1.000 1 1 1 1 0 0
0.246 1.000 0.226 1.000 0.262 1.000 0.177 0.393 0.345 0.167 0.565 0.224 1 1 1 0 0 0
0.000 0.000 0.413 0.186 0.262 0.301 0.231 0.527 0.160 0.460 0.565 0.711 1 1 1 0 0 0
0.000 1.000 0.538 1.000 0.262 0.237 0.454 0.553 0.519 0.406 0.338 0.540 1 1 1 1 1 1
0.246 0.000 0.814 0.000 0.262 0.397 0.670 0.501 0.519 0.560 0.428 0.540 1 1 1 1 1 1
0.246 0.000 0.654 0.000 0.262 0.787 0.454 0.457 0.435 0.354 0.809 1.000 1 1 1 1 1 1
0.000 1.000 0.413 0.000 0.262 0.787 0.355 0.372 0.368 0.354 1.000 1.000 1 1 1 1 0 0
0.000 0.000 0.654 0.535 0.262 0.140 0.766 0.278 0.000 0.479 0.565 0.826 1 1 1 1 0 0
0.000 0.000 0.413 1.000 0.000 0.520 0.355 0.602 0.412 0.370 0.565 0.826 1 1 1 1 1 0
0.246 1.000 0.814 0.000 0.262 0.547 0.394 0.578 0.412 0.336 0.565 0.620 1 1 1 1 0 0
0.000 0.000 0.273 0.000 0.262 0.506 0.647 0.527 0.563 0.406 0.630 0.826 1 1 1 1 1 1
0.409 1.000 0.654 0.000 0.262 0.666 0.454 0.702 0.345 0.560 0.215 0.308 1 1 0 0 0 0
0.000 0.000 0.413 0.000 0.262 0.718 0.476 0.501 0.160 0.336 0.630 0.620 1 1 1 1 1 1
0.246 0.000 0.538 0.186 0.262 0.576 0.549 0.553 0.498 0.795 0.338 0.388 1 1 1 1 1 1
0.409 0.000 0.654 0.309 0.262 0.317 0.549 0.414 0.306 0.560 0.565 0.826 1 0 0 0 0 0
0.000 0.000 0.413 0.000 0.405 0.478 0.501 0.479 0.610 0.387 0.215 1.000 1 1 1 1 1 1
0.000 0.000 0.654 0.000 0.262 0.534 0.597 0.527 0.306 0.499 0.630 0.711 1 1 1 1 1 0
0.246 1.000 0.413 0.000 0.405 0.718 0.573 0.702 0.368 0.243 0.809 0.826 1 1 1 1 1 1
0.000 1.000 0.413 0.000 0.262 0.830 0.083 0.210 0.498 0.300 0.565 0.308 1 1 1 1 0 0
0.000 0.000 0.413 0.000 0.262 0.623 0.290 0.414 0.306 0.387 0.428 0.711 1 1 1 1 1 0
0.409 0.000 0.654 0.000 0.262 0.561 0.270 0.258 0.266 0.609 0.338 0.620 0 0 0 0 0 0
0.000 1.000 0.413 0.000 0.262 0.337 0.855 0.731 0.636 0.636 0.504 0.711 1 1 1 1 1 1
0.246 1.000 0.226 0.000 0.262 0.853 0.112 0.436 0.180 0.044 0.809 0.826 1 1 1 1 1 1
0.000 0.000 0.273 0.000 0.294 0.547 0.501 0.527 0.435 0.636 0.338 0.466 1 1 1 1 0 0
0.246 0.000 0.158 0.000 0.262 0.576 0.476 0.501 0.478 0.424 0.504 0.711 1 1 1 0 0 0
0.000 1.000 0.413 0.000 0.262 0.769 0.251 0.501 0.733 0.560 0.565 0.826 1 1 1 1 0 0
0.000 0.000 0.273 0.535 0.262 0.547 0.722 0.879 0.456 0.354 0.809 1.000 1 1 1 1 1 1
0.409 0.000 0.814 1.000 0.262 0.478 0.454 0.414 0.390 0.518 0.705 0.540 1 1 0 0 0 0
0.000 0.000 0.413 0.186 0.262 0.337 0.573 0.702 0.306 0.560 0.428 0.826 1 1 1 1 1 1
0.000 0.000 0.000 0.309 0.262 0.534 0.454 0.527 0.563 0.336 0.428 0.620 1 1 1 1 1 1
0.000 0.000 0.413 0.000 0.262 0.337 0.290 0.414 0.325 0.336 0.504 0.466 1 1 1 1 0 0
0.246 0.000 0.273 0.000 0.262 0.697 0.312 0.142 0.345 0.387 0.705 0.466 1 1 1 0 0 0
0.000 0.000 0.158 0.000 0.262 0.666 0.270 0.578 0.519 0.370 0.565 0.540 1 1 1 1 1 1
0.000 0.000 0.538 0.000 0.262 0.397 0.696 0.625 0.661 0.406 0.428 0.711 1 1 1 1 1 1
0.246 0.000 0.413 0.000 0.262 0.547 0.312 0.673 0.390 0.460 0.428 0.711 1 1 1 1 1 0
0.246 0.000 0.413 0.000 0.262 0.428 0.722 0.798 0.733 0.584 0.504 0.826 1 1 1 1 1 1
0.000 1.000 0.413 1.000 0.405 0.478 0.647 0.647 0.542 0.460 0.565 0.540 1 1 1 1 1 1
0.409 0.000 0.158 1.000 0.262 0.413 0.394 0.436 0.519 0.406 0.215 0.308 1 1 1 1 1 1
0.246 1.000 0.654 0.309 0.262 0.623 0.394 0.731 0.636 0.560 0.565 0.711 1 1 0 0 0 0
0.000 1.000 0.226 0.000 0.262 0.682 0.207 0.527 0.661 0.387 0.428 1.000 1 1 1 0 0 0
0.000 1.000 0.654 1.000 0.262 0.478 0.501 0.702 0.585 0.795 0.338 0.388 1 1 1 0 0 0
0.000 1.000 0.413 0.000 0.262 0.317 0.670 0.731 0.542 0.387 0.809 1.000 1 1 1 1 1 1
0.000 1.000 0.413 0.000 0.262 0.853 0.394 0.578 0.519 0.387 0.565 0.711 1 1 1 1 1 0
0.000 0.000 0.538 1.000 0.262 0.576 0.696 0.702 0.498 0.441 0.565 0.540 1 1 1 1 1 0
0.000 0.000 0.413 0.186 0.262 0.506 0.549 0.625 0.585 0.370 0.630 0.826 1 1 1 1 1 1
0.000 1.000 0.654 1.000 0.262 0.561 0.549 0.527 0.412 0.609 0.338 0.620 1 1 1 1 1 1
0.000 0.000 0.413 0.186 0.262 0.576 0.433 0.702 0.286 0.479 0.428 0.711 1 1 1 1 0 0
0.246 1.000 0.273 0.186 0.262 0.649 0.696 0.702 0.390 0.711 0.504 0.620 1 1 1 1 1 0
0.246 0.000 0.538 0.000 0.405 0.445 0.855 0.927 0.686 0.689 0.428 0.620 1 1 1 1 1 1
0.000 1.000 0.413 0.000 0.409 0.752 0.377 0.625 0.563 0.336 0.630 0.711 1 1 1 1 1 1
0.246 1.000 0.814 0.000 0.262 0.666 0.454 0.602 0.610 0.318 0.705 0.711 1 1 1 0 0 0
0.000 1.000 0.413 0.000 0.262 0.462 0.333 0.436 0.709 0.370 0.338 0.132 1 1 1 1 1 1
0.000 0.000 0.273 0.000 0.262 0.413 0.454 0.349 0.390 0.281 0.630 0.466 1 1 1 1 1 1
0.246 0.000 0.538 1.000 0.262 0.830 0.290 0.553 0.456 0.263 0.705 0.466 1 1 1 0 0 0
0.246 1.000 0.273 0.535 0.262 0.576 0.501 0.142 0.456 0.609 0.215 0.000 1 1 0 0 0 0
0.409 0.000 0.538 0.000 0.262 0.752 0.231 0.527 0.519 0.281 0.630 0.388 1 1 1 0 0 0
0.000 1.000 0.654 0.000 0.262 0.608 0.501 0.602 0.435 0.406 0.428 0.620 1 1 1 1 0 0
0.000 1.000 0.413 0.000 0.262 0.337 0.549 0.835 0.585 0.479 1.000 1.000 1 1 1 1 1 1
0.000 0.000 0.413 0.000 0.262 0.576 0.526 0.578 0.456 0.460 0.809 0.711 1 1 1 1 1 1
0.246 1.000 0.654 1.000 0.262 0.666 0.355 0.527 0.456 0.263 0.565 0.711 1 1 1 0 0 0
0.000 0.000 0.413 0.186 0.262 0.718 0.377 0.479 0.478 0.387 0.338 0.224 1 1 1 0 0 0
0.000 0.000 0.538 0.000 0.262 0.787 0.412 0.527 0.286 0.081 0.809 0.826 1 1 1 1 1 1
0.577 0.000 0.654 0.000 0.262 0.337 0.412 0.436 0.519 0.560 0.338 0.308 1 1 1 0 0 0
0.409 0.000 0.538 1.000 0.262 0.301 0.454 0.553 0.686 0.689 0.338 0.224 1 1 1 1 1 1
0.000 0.000 0.413 0.186 0.262 0.478 0.742 0.527 0.325 0.795 0.428 0.711 1 1 1 1 1 1
0.000 1.000 0.654 0.186 0.262 0.520 0.526 0.763 0.661 0.406 0.565 0.388 0 0 0 0 0 0
0.577 1.000 0.413 0.000 0.262 0.506 0.394 0.647 0.794 0.441 0.428 0.466 1 1 1 1 1 0
0.000 0.000 0.538 0.309 0.262 0.561 0.647 0.702 0.542 0.460 0.809 1.000 1 1 1 1 0 0
0.246 0.000 0.413 0.000 0.262 0.462 0.549 0.835 0.610 0.336 0.630 0.620 1 1 0 0 0 0
0.409 0.000 0.413 1.000 0.262 0.608 0.207 0.527 0.519 0.499 0.504 0.826 1 1 1 1 1 1
0.000 0.000 0.413 0.000 0.262 0.377 0.696 0.457 0.610 0.537 0.428 0.620 1 1 1 1 1 1
0.246 1.000 0.814 0.000 0.262 0.337 0.501 0.647 0.563 0.460 0.504 0.620 1 1 1 1 1 1
0.000 0.000 0.814 1.000 0.262 0.377 0.670 0.527 0.542 0.560 0.504 0.826 1 1 1 1 1 1
0.000 1.000 0.413 0.000 0.262 0.428 0.549 0.625 0.661 0.537 0.338 0.388 1 1 1 1 0 0
0.000 1.000 0.413 0.000 0.262 0.478 0.526 0.835 0.709 0.441 0.705 0.826 1 1 1 1 1 0
0.000 0.000 0.413 0.000 0.000 0.284 0.696 0.702 0.286 0.636 0.428 0.711 1 1 1 1 1 0
0.783 0.000 1.000 0.186 0.405 0.237 0.696 0.625 0.661 0.609 0.565 0.540 1 1 1 0 0 0
0.409 1.000 0.654 0.535 0.262 0.547 0.501 0.501 0.412 0.424 0.630 0.711 1 1 1 1 1 1
0.246 0.000 0.413 0.535 0.262 0.576 0.251 0.625 0.345 0.636 0.428 0.620 1 1 1 1 1 1
0.000 0.000 0.413 0.000 0.262 0.735 0.312 0.349 0.519 0.424 0.338 0.620 1 1 1 1 0 0
0.000 0.000 0.413 0.000 0.262 0.237 0.825 0.731 0.709 0.584 0.338 1.000 1 1 1 1 1 1
0.000 0.000 0.413 0.000 0.262 0.697 0.501 0.702 0.325 0.387 0.565 1.000 1 1 1 1 1 1
1.000 0.000 0.814 0.000 0.262 0.185 0.501 0.625 0.610 0.609 0.565 0.388 1 0 0 0 0 0
0.000 0.000 0.413 0.000 0.262 0.428 0.670 0.647 0.585 0.499 0.428 0.388 1 1 1 1 1 1
0.409 1.000 0.814 1.000 0.262 0.428 0.722 0.324 0.733 0.441 0.705 0.826 1 1 1 0 0 0
0.577 1.000 0.413 0.000 0.262 0.697 0.333 0.457 0.478 0.609 0.338 0.466 1 1 1 1 1 1
0.246 1.000 1.000 0.000 0.201 0.608 0.526 0.647 0.412 0.460 0.338 0.308 1 1 1 1 1 1
0.000 0.000 0.413 0.186 0.262 0.576 0.476 0.553 0.390 0.560 0.428 0.540 1 1 1 1 1 1
0.000 0.000 0.413 1.000 0.262 0.666 0.670 0.349 0.368 0.354 0.630 0.826 1 1 1 1 1 0
0.246 1.000 0.654 0.000 0.262 0.608 0.476 0.835 0.244 0.664 0.565 0.826 1 1 1 1 1 0
0.000 0.000 0.413 0.000 0.262 0.492 0.476 0.731 0.636 0.479 0.630 1.000 1 1 1 1 1 1
0.000 0.000 0.413 0.186 0.262 0.492 0.549 0.731 0.435 0.370 0.565 0.826 1 1 1 1 1 1
0.000 0.000 0.538 0.000 0.262 0.623 0.377 0.414 0.435 0.537 0.630 0.540 1 1 1 1 1 1
0.246 0.000 0.413 0.000 0.262 0.769 0.597 0.602 0.306 0.185 0.705 0.826 1 1 1 1 1 1
0.000 0.000 0.413 0.000 0.262 0.666 0.270 0.602 0.498 0.370 0.338 0.540 1 1 1 1 1 1
0.246 0.000 0.654 0.000 0.262 0.397 0.501 0.553 0.345 0.460 0.705 0.826 1 1 1 1 0 0
0.000 0.000 0.413 0.000 0.262 0.769 0.412 0.798 0.519 0.441 0.630 0.826 1 1 1 1 1 1
0.000 0.000 0.413 0.309 0.262 0.561 0.766 0.578 0.390 0.243 0.809 1.000 1 1 1 1 1 1
0.783 0.000 0.538 0.186 0.262 0.397 0.549 0.625 0.519 0.499 0.428 0.466 1 1 1 1 0 0
0.246 0.000 0.654 1.000 0.262 0.337 0.623 0.763 0.822 0.664 0.428 0.620 1 1 1 1 1 0
0.000 0.000 0.413 0.000 0.262 0.592 0.623 0.647 0.636 0.387 0.565 0.826 1 1 1 1 1 1
0.000 0.000 0.814 0.186 0.262 0.397 0.454 0.479 0.368 0.479 0.565 0.711 1 1 1 1 1 1
0.000 0.000 0.814 1.000 0.262 0.397 0.647 0.457 0.563 0.609 0.630 0.711 1 1 1 1 0 0
0.246 0.000 0.814 1.000 0.262 0.682 0.454 0.673 0.412 0.636 0.428 0.540 1 1 0 0 0 0
0.246 1.000 1.000 0.000 0.262 0.358 0.623 0.479 0.478 0.636 0.428 0.388 1 1 1 1 1 1
0.000 0.000 0.413 0.000 0.262 0.413 0.573 0.501 0.519 0.711 0.338 0.224 1 1 1 0 0 0
0.000 0.000 0.158 0.066 0.262 0.697 0.333 0.479 0.478 0.406 0.705 0.711 1 1 1 1 0 0
0.000 0.000 0.413 0.000 0.262 0.506 0.647 0.324 0.160 0.370 0.705 1.000 1 1 1 1 1 1
0.577 1.000 0.413 0.186 0.262 0.462 0.526 0.553 0.563 0.609 0.215 0.224 1 1 1 1 1 1
