12 9 6
0.276 0.421 0.719 0.190 0.782 0.763 0.730 0.428 0.245 0.611 0.028 0.077 0.573
0.213 0.723 0.774 0.920 0.828 0.115 0.100 0.983 0.166 0.343 0.502 0.701 0.481
0.900 0.988 0.012 0.889 0.636 0.322 0.061 0.408 0.739 0.025 0.261 0.097 0.316
0.213 0.062 0.472 0.284 0.828 0.529 0.681 0.480 0.654 0.279 0.754 0.550 0.342
0.181 0.769 0.127 0.361 0.403 0.676 0.843 0.399 0.336 0.340 0.365 0.958 0.855
0.245 0.044 0.474 0.446 0.452 0.813 0.769 0.082 0.484 0.482 0.378 0.110 0.096
0.588 0.106 0.406 0.111 0.294 0.552 0.337 0.051 0.218 0.433 0.149 0.967 0.223
0.630 0.810 0.480 0.657 0.870 0.521 0.959 0.592 0.351 0.898 0.403 0.992 0.253
0.368 0.303 0.984 0.268 0.890 0.623 0.394 0.001 0.311 0.230 0.474 0.385 0.385
0.579 0.319 0.285 0.789 0.562 0.252 0.432 0.811 0.295 0.671
0.419 0.944 0.359 0.045 0.257 0.504 0.159 0.118 0.801 0.347
0.642 0.797 0.644 0.344 0.437 0.373 0.028 0.108 0.301 0.262
0.787 0.856 0.600 0.664 0.981 0.280 0.767 0.367 0.763 0.890
0.215 0.241 0.741 0.597 0.275 0.283 0.815 0.761 0.122 0.078
0.536 0.085 0.544 0.954 0.202 0.038 0.359 0.606 0.947 0.226
