12 9 6
-0.869 -3.138 1.124 1.351 -0.658 2.607 1.647 -1.226 0.554 -0.189 -1.719 0.642 2.006
1.504 1.030 1.021 0.103 0.369 -0.843 -0.253 0.813 -0.438 0.184 0.471 0.243 0.102
0.806 1.182 -0.304 -1.007 -0.251 2.053 -1.994 -1.407 3.802 0.413 -1.428 0.259 2.458
1.148 -0.650 -0.507 0.017 0.182 0.139 0.245 -0.276 0.200 -0.350 0.075 0.006 -0.103
1.173 0.750 -1.260 0.832 -0.717 0.318 0.848 -0.630 -0.250 -0.425 -0.480 0.029 0.038
1.157 0.315 -0.928 1.328 -0.184 0.636 0.935 -0.901 0.192 0.020 -0.188 -0.696 -0.868
-3.616 -1.028 -0.056 -2.913 -2.733 2.322 -0.587 -3.062 6.793 0.608 -3.752 0.571 2.604
1.557 0.862 0.409 -0.113 -0.759 0.105 0.616 0.194 -0.355 0.306 -0.033 0.727 -0.215
2.074 5.249 2.131 2.599 0.162 -1.134 3.212 -1.614 -1.101 -0.830 -0.464 0.148 -0.168
1.883 2.703 -1.279 2.403 0.111 0.658 1.195 1.617 -0.676 0.299
0.795 2.965 -0.829 0.336 0.293 0.015 -0.440 2.378 -0.371 -1.525
0.879 1.750 0.198 1.209 -0.072 -0.316 -0.606 2.668 -0.192 -2.614
0.734 0.003 0.306 1.019 0.261 -0.934 -0.776 3.143 0.384 -2.553
1.178 -0.777 0.659 1.092 -0.102 -0.851 -0.177 3.033 -0.372 -1.857
1.522 -0.792 -0.022 1.403 -0.774 -0.532 -1.036 2.495 0.737 -1.504
